13.5	245.5	215.6	101.8	64	0.21
10.9	250.1	263.5	102.2	30	0.37
11.8	195.4	241.5	101.1	46	0.28
13	272.4	269.7	101.8	59	0.31
15	350.8	290.4	101.8	69	0.27
11.7	194.5	205.9	102.1	28	0.35
13	260.1	299.1	101.6	40	0.4
12.6	392.2	216.7	101.3	69	0.25
14.3	310.7	242.6	101.8	73	0.21
13.1	169	136.8	102	46	0.26
14	195	165.6	101.6	41	0.29
11.8	216.4	261	102.2	65	0.22
13.5	595.4	97.5	101	87	0.16
14.5	178.1	238.9	101.9	46	0.29
13.3	354.9	179	101.7	85	0.14
11.9	276.1	315.3	102.3	39	0.38
13.9	664.2	234.4	101.4	66	0.4
13.4	415.9	128.7	101.7	82	0.18
12.8	409.1	188.3	102.2	81	0.14
12.3	260.1	302.2	102.2	40	0.37
12.8	380.8	216.6	101.9	67	0.24
13	291.1	286.5	101.9	72	0.22
10.9	603.1	284.3	102	53	0.44
13	124.8	310.3	102.4	35	0.32
13.3	404.5	246	101.8	69	0.28
11.3	281.5	218.8	102	78	0.14
8.5	205.4	203.3	102.4	58	0.18
12	182.7	279.6	102.5	52	0.26
12	302.9	303.6	102.3	61	0.28
12.2	263.8	279.8	102.1	70	0.21
8.6	263.8	300.6	102.8	58	0.25
13.2	212.3	289.3	101.9	62	0.22
12.5	334.8	269.1	102.3	47	0.36
12.6	275.1	309.1	102.1	73	0.21
9.8	278.8	313.8	102.4	43	0.33
14.7	216.4	291	101.8	56	0.26
11.7	245.1	321.4	102	46	0.34
15.4	249.2	270.2	101.9	47	0.33
11.8	236.9	315.5	101.8	57	0.26
14.5	233.7	269.8	101.8	79	0.18
13.7	251.5	320.1	101.8	37	0.4
13.9	262.8	237	101.6	80	0.2
13.7	385.8	308.9	102	49	0.45
15	279.7	274	101.7	68	0.24
14.3	266.5	319.3	101.7	36	0.46
13.1	306.6	313.2	101.8	64	0.33
12.5	495.6	327.9	102.5	20	0.68
15.2	320.2	273.7	101.7	72	0.27
13.1	258.7	236.2	101.6	68	0.21
13.2	280.2	295.2	102.2	45	0.37
9.9	260.6	318.6	102.6	38	0.34
15.6	493.4	147.7	101.8	85	0.17
13.6	303.8	169.6	101.3	75	0.17
14.7	185.4	332.7	102.1	33	0.42
9.4	237.8	324.4	102.3	61	0.25
14.5	359.9	224.9	101.7	79	0.2
12.1	546.6	225.1	100.7	56	0.42
13.9	253.7	166.5	101.6	61	0.24
10.5	285.2	321.9	102.4	59	0.29
12.7	304.8	125.7	101.7	78	0.16
7.6	429.6	331.1	101.2	32	0.5
13.1	307.5	218.4	101.6	71	0.23
12.1	256.5	320.2	102.1	29	0.42
12.8	364	167.4	101.6	74	0.22
8.5	307	325	102	33	0.4
12.8	1089.7	101.1	100.2	80	0.36
13.7	255.6	331.9	101.8	28	0.46
10.8	416.4	204.2	101.2	61	0.3
10.8	348	314.4	102.3	53	0.35
12.9	776.7	293.6	101.1	56	0.56
14.8	250.5	335.9	101.8	31	0.46
10.2	302.9	272.2	101.5	59	0.28
11.8	348	297.7	101.5	62	0.3
11.4	329.4	344	101.8	51	0.4
16.6	262.8	315.9	101.6	27	0.53
11.4	238.2	298.5	101.7	61	0.26
13	486.1	349.6	102.1	20	0.72
10.5	245.5	346.5	102.7	37	0.36
16.5	216.8	189.1	101.6	31	0.41
12.7	220.9	305	101.8	46	0.32
11.1	307.5	324.1	102.3	34	0.44
11.2	238.7	316.4	102.1	51	0.31
17.5	275.6	146.1	101.3	32	0.43
13	225	220.4	101.7	43	0.32
12.1	346.2	263.6	101.7	50	0.33
14.9	547.1	336.4	102.5	21	0.83
13.8	285.2	313	101.3	61	0.3
13.6	244.6	307.7	101.5	36	0.41
13.2	247.4	239.6	101.4	72	0.18
12.6	245.5	354.3	102.1	33	0.42
12.6	397.7	195.4	101.4	69	0.22
14.8	261.5	350.8	101.6	35	0.48
13.1	305.2	328.6	101.9	72	0.23
14.6	272	355.5	102	46	0.41
12.6	301.6	175.2	101.3	78	0.16
16.5	169.5	340.6	101.6	27	0.49
14.3	251.5	354.1	102.1	66	0.28
15.7	215.5	323.7	102	38	0.43
12.1	313.9	326.3	101.6	74	0.23
17.5	250.5	357.6	101.8	17	0.65
16.5	278.8	349.5	101.9	43	0.42
16.2	281.5	281.3	101.8	32	0.47
12.4	258.7	344.6	101.7	40	0.39
14.2	215.9	304.6	101.4	36	0.38
15.7	254.2	177.7	101.6	57	0.28
15.8	238.7	230.8	101.7	36	0.37
12.3	348	321.8	102.1	66	0.33
14.4	225	312	101.5	42	0.36
15.5	362.2	304.4	101.7	77	0.28
16.5	230	315.6	101.7	34	0.43
11.4	277	273.9	102	68	0.22
14.9	280.6	360.1	101.9	24	0.58
13.8	291.5	325.3	101.7	71	0.26
14.1	295.6	303.9	101.8	73	0.28
11.2	274.7	357.6	101.8	75	0.22
13.4	244.6	356.6	101.4	41	0.4
13.6	376.7	257.8	101.4	67	0.28
13.5	279.2	281.7	101.7	69	0.25
14.2	278.3	354.5	101.7	40	0.4
13.3	369.9	225.9	100.9	67	0.25
13.6	292.5	362.3	101.7	70	0.3
13.2	302	238.6	101.5	67	0.26
14	227.8	345.6	101.6	34	0.41
13.2	389	321.3	100.8	62	0.35
14.3	262.8	359.7	101.6	60	0.32
13.6	414.1	289.5	101.4	67	0.32
12.2	276.5	335.2	101.6	69	0.3
13.8	659.2	302.1	101.4	62	0.51
13.5	290.2	329.7	101.3	67	0.27
11.8	408.6	93.9	101.1	93	0.08
12.3	389.9	152.2	102	81	0.2
12.5	306.1	382.1	102.1	40	0.48
13.8	306.1	227.9	101.3	77	0.18
13.3	266	253.7	101.9	74	0.21
12.8	399.5	300.7	102.2	67	0.29
12.3	262.8	311.1	102.3	35	0.4
14.7	384.5	384.6	101.6	75	0.32
13.6	219.6	347.7	101.9	53	0.31
12.5	622.3	161	101.7	90	0.19
11	360.8	177.1	101.6	62	0.29
17	285.2	375.6	101.9	38	0.51
14	254.2	368.9	102.1	32	0.47
9.8	603.6	244.5	101.8	50	0.45
11.3	293.4	394.9	102	52	0.37
19.6	454.6	382.9	101.8	25	0.85
15.9	295.2	404.4	101.9	33	0.6
8.7	413.2	321.2	102	19	0.53
11.8	194.5	388.9	101.7	52	0.34
21.1	415	217.5	101.6	20	0.81
14.7	206.8	400.9	102	30	0.49
10.3	311.1	176.3	102	33	0.4
12.3	272	251.3	101.6	62	0.29
18	256	259.5	101.4	35	0.49
14.6	220.9	403.6	101.9	42	0.43
13.6	384	191.9	101.8	33	0.51
13	343	267.8	101.7	53	0.37
16	291.1	211.2	101.4	70	0.25
16	283.3	384.3	101.8	47	0.44
13.2	306.1	151	102.3	88	0.17
12.2	272.9	402	102.3	53	0.39
16.6	272.4	268.4	101.5	81	0.19
18.5	348	409	101.5	37	0.6
13.4	391.3	314.9	102.6	84	0.2
13.3	293.8	396.3	102.1	48	0.44
16.3	358.1	293.2	101.9	80	0.24
20.5	270.1	429.5	101.6	23	0.73
11.4	267.4	339.3	102.3	73	0.24
14.7	275.1	375.6	101.6	55	0.37
15.9	448.7	263.3	102.1	78	0.26
18.7	258.7	418.6	101.6	22	0.67
11.2	345.3	297.1	101.8	64	0.29
14.7	340.7	316.1	101.4	71	0.29
15.7	406.3	209.2	102	76	0.21
16.2	211.4	423	101.5	42	0.46
10.1	371.7	271.2	101.6	68	0.24
13.4	554.4	208	101.3	63	0.41
16.1	329.4	381.5	101.7	74	0.3
16.4	284.7	414.7	101.6	43	0.45
10.3	338	426.5	101.9	63	0.33
9.6	757.1	329.8	101.2	33	0.75
13.7	279.2	167.7	101.4	84	0.14
15.4	263.3	411.6	101.4	48	0.4
11.3	357.1	416.5	102.5	66	0.32
8.5	332.5	427.1	102	29	0.48
14.3	442.8	424.4	101.6	55	0.5
12.8	281.1	415.4	101.2	78	0.26
11.2	327.5	414.2	102.4	70	0.29
9.7	358.5	422.9	102.1	42	0.46
13.7	231.4	409.9	101.7	52	0.36
15.1	524.3	447.5	101.8	20	0.76
12.3	318	413.4	102.1	65	0.31
12.2	681	187.4	101.8	65	0.4
13.4	317.1	393.1	101.3	59	0.4
13.3	427.8	368.7	101.3	63	0.44
11.7	348.5	304	101.7	80	0.2
11.8	505.7	171.7	101.8	67	0.31
13.7	378.1	418.7	101.4	36	0.53
15	370.4	429.1	101.8	26	0.62
13.3	334.4	259.2	101.6	77	0.22
9.9	327.1	434.6	102.2	52	0.39
13.7	378.6	421.6	101.7	29	0.58
15.3	306.1	430.1	102.1	29	0.61
13.8	397.2	385.1	101.8	75	0.3
11.2	307.5	406.7	102.3	52	0.38
13.2	353	467	101.7	41	0.52
15.5	301.6	394.9	101.8	39	0.49
16.9	367.6	416.9	102.1	39	0.56
12.8	236	355.3	102	62	0.31
11.7	347.6	314.7	101.2	72	0.27
13.8	280.2	368.5	101.4	75	0.27
18.6	308.9	355.5	102	26	0.63
15.6	240.5	355.5	101.9	41	0.42
11.2	579.9	207.9	100.5	68	0.31
13.8	366.7	384.5	101.6	73	0.32
18.4	240.5	383.1	101.6	36	0.55
17.8	224.6	413.7	102	33	0.54
9.9	562.6	223.6	100.5	71	0.27
14.2	390.9	400.4	101.8	76	0.3
18.4	282.9	360.3	101.7	48	0.49
17.1	184.5	362.5	101.9	37	0.42
9.9	495.2	346.3	100.7	68	0.3
16	353.5	369.9	101.5	63	0.39
18.6	303.4	368.6	101.9	37	0.53
16.6	206.8	298.8	101.8	50	0.36
11.1	439.1	370.9	101.2	58	0.38
16.6	354.9	282.9	101.4	70	0.32
17.2	323.9	457.2	101.8	52	0.52
13.9	236.9	396.8	101.8	74	0.26
12.1	291.5	460.3	101.9	61	0.39
17.9	544.4	292.1	101.7	68	0.39
14.7	310.2	392	101.1	74	0.3
14	303.4	464.8	101.9	71	0.36
12.3	328	413.1	101.9	61	0.35
16.5	379.9	319	101.9	85	0.23
14.4	415	375	101.2	72	0.35
13.6	388.6	388.1	102	74	0.36
15.9	539.8	289.2	101.9	76	0.29
12.6	316.1	440.9	101.6	73	0.32
14.4	424.1	272.6	101.7	81	0.21
13.6	338.5	379.7	101.5	66	0.34
14.1	329.8	252.6	101.9	66	0.3
13.6	315.2	417.2	101.8	63	0.35
13.7	376.3	466.7	101.4	70	0.37
13.2	653.7	172.3	101.1	84	0.22
14.7	319.8	305.2	101.9	62	0.35
15.5	214.6	461	101.9	53	0.4
14.1	355.3	405.9	101.7	77	0.29
11.9	594.9	348.1	101	58	0.45
15.3	368.5	378	101.8	70	0.41
19.4	270.1	344.5	101.6	30	0.59
14.7	395.9	337.5	101.9	74	0.3
11.9	347.1	439.1	101.9	46	0.45
14.4	460.6	202.5	101.6	62	0.39
17.7	451.4	214.4	101.5	52	0.48
15.3	345.3	363.9	102	77	0.3
13.6	364.4	461	102.1	56	0.46
13.1	635.9	383.2	101.7	50	0.6
15.1	248.3	138.6	101.5	89	0.11
14.5	342.1	332.2	101.7	77	0.28
15.8	350.8	499.8	101.4	49	0.53
12.8	346.2	502.6	101.8	53	0.5
14.7	374	259	101.6	86	0.18
15.2	372.2	430.9	101.6	66	0.42
17.9	328.9	476.5	101.1	52	0.53
14	230.5	448.8	101.6	61	0.36
14.8	349.4	358.6	101.6	77	0.28
15.4	425.5	519.2	102.1	69	0.43
13.9	402.2	434.3	101.4	82	0.28
13.9	345.8	326.6	101.3	63	0.36
14.8	305.7	253.5	101.7	75	0.22
13.9	339.4	359.8	102.1	81	0.24
14.9	348.5	467.9	101.9	71	0.38
13.6	342.6	221.2	101.3	57	0.33
14.2	343	350.4	101.9	75	0.27
14.2	414.1	515.9	101.4	48	0.56
14.6	451.9	424.2	101.9	75	0.35
14	433.7	293.9	101.4	61	0.39
15.7	436.4	494.4	102.1	70	0.46
14	446.9	516.9	101.4	47	0.61
15.3	483.8	410	102	78	0.34
12.6	676.9	315	101.5	57	0.49
15.1	435	269.5	101.9	80	0.28
14.6	365.8	535	101.8	27	0.71
15.3	324.8	425.1	101.9	83	0.28
12.3	631.4	449.8	101.8	51	0.61
15.4	395	461	101.9	67	0.43
15.2	383.6	525.5	101.9	25	0.78
14.4	335.3	466	101.8	79	0.34
11.7	352.1	435.3	102.1	48	0.46
14.9	495.2	404	101.4	69	0.43
15.2	292.5	516.6	101.4	30	0.6
14.8	368.5	489	101.4	69	0.42
12.6	311.6	504.2	102	48	0.5
13.5	952.1	413.8	101	57	0.65
14.1	399.5	389.9	101.4	57	0.44
14.1	377.6	479.2	101.4	77	0.35
15.1	298.8	543.3	101.5	41	0.61
14.1	349.9	496.6	101.2	59	0.47
14.7	453.7	435.3	101.8	60	0.48
14.2	399.5	349.7	101.7	70	0.34
17.6	298.4	401.3	101.8	27	0.63
14	273.3	547.8	101.5	62	0.44
15.2	362.2	543.8	102.2	60	0.54
14.8	475.6	547.4	101.8	67	0.52
16.4	312	542.7	101.6	43	0.62
14	345.3	336.7	101.2	74	0.28
16.5	281.5	571.1	102.2	42	0.65
15.2	345.3	495.1	101.8	63	0.44
14.9	340.7	538.4	101.5	64	0.44
14	687	466.9	101.2	56	0.62
19.6	308.9	571.2	101.7	24	0.87
15.7	298.4	512	101.7	67	0.42
14.6	349.4	440.6	101.7	76	0.31
13.2	411.4	520.6	101.5	60	0.52
19.4	175.8	510	101.6	21	0.69
17.4	369	527.2	101.5	71	0.49
17	306.1	311.7	101.6	65	0.31
12.8	629.1	333.7	101.3	65	0.46
16.5	270.1	529.2	101.7	55	0.53
19	351.2	538.3	101.7	26	0.78
18.2	262.8	542.7	101.5	50	0.53
12.7	637.3	456.1	101.5	54	0.6
15.7	351.7	506.5	101.8	70	0.42
16	293.4	560.4	101.3	53	0.55
14.6	335.7	477.5	101.5	78	0.33
12.7	384.9	469.5	101.6	65	0.41
16.2	319.3	560	101.7	72	0.46
14.6	441	391.6	101.5	71	0.38
14.6	336.6	494.8	101.5	74	0.38
13.8	407.3	501.1	101.1	61	0.49
18.8	375.8	584.9	101.3	56	0.64
14.9	365.3	405.1	101.8	67	0.39
14.1	301.1	256.8	101.4	78	0.22
14.7	236.9	587.7	101.3	55	0.54
23.7	326.6	560.1	101.4	22	0.97
14.3	565.3	174.5	101.4	95	0.17
15.4	335.3	415.3	101.7	65	0.41
15.4	237.3	589	101.8	57	0.52
24	284.7	588	101.1	26	0.96
13.4	610.9	441.8	101.2	60	0.55
14.9	370.4	294.8	101.5	76	0.28
14.6	347.6	513.8	101.6	71	0.43
18.5	431.4	538.9	100.9	71	0.57
14.1	376.7	552.2	101.7	63	0.51
14.6	420.9	284.5	101.6	63	0.38
15.2	313	572.1	101.4	65	0.49
17.8	436.9	574.2	101.3	72	0.54
15.7	316.6	578.6	102	63	0.52
13	426.4	202.6	101.4	80	0.24
17.4	314.8	559.6	101.6	34	0.7
18.6	315.2	584.3	101.5	32	0.8
15.9	373.5	551.1	101.9	78	0.44
14	312	342.4	101.4	70	0.3
18.1	331.6	560.7	101.8	18	0.89
15.8	355.8	476.2	101	66	0.51
16.9	374	561.5	101.7	73	0.49
14.1	337.6	298.7	101.3	68	0.31
17.7	264.2	601.2	101.3	20	0.79
17.4	404.1	561.5	101.2	38	0.71
18.8	326.2	577.7	101.4	58	0.6
14.6	327.5	378.9	101.4	70	0.34
16.9	375.8	585.4	101.6	44	0.72
18.2	326.6	587.3	101.6	26	0.81
17.3	358.5	574.3	101.5	68	0.54
14.9	326.6	249.7	101.5	69	0.28
14.9	395.9	444.7	101.6	70	0.43
17.1	307.5	613.6	101.5	40	0.7
16.8	343.9	571.6	101.6	66	0.52
16.1	376.7	549.9	101.7	69	0.5
14.3	616.8	441.6	101.2	65	0.45
16.6	271	618.8	101.3	54	0.62
17.6	401.8	555	101.5	68	0.54
18.1	278.3	430.1	101.4	53	0.45
13.9	372.2	552	101.4	69	0.46
16	378.1	553.7	101.4	68	0.52
23.6	320.2	611.7	101.4	42	0.89
17.1	395.9	504.9	101.3	83	0.41
14.8	335.7	572.2	101.7	68	0.48
17.7	315.2	591.3	101.6	68	0.53
27.1	395.9	619.9	101.4	20	1.28
17.2	399.1	418.1	101.5	77	0.36
15.9	378.6	598.4	101.5	70	0.54
19.4	388.1	609.5	101.4	62	0.67
27.3	303.8	632.9	101.4	19	1.19
15.9	446	283.7	101.6	79	0.28
18	332.5	575	101.4	59	0.61
18	299.7	527.7	101.2	72	0.47
24.7	251.5	612	101.3	27	0.95
16	398.1	337.9	101.6	74	0.34
19.7	289.3	629.9	101.4	49	0.77
17.1	342.1	589.4	101.2	75	0.49
20.3	307.9	586.7	101	55	0.68
16.4	427.8	524	101.8	67	0.51
19.7	305.7	627.3	101.5	34	0.78
17.7	338.9	545.6	101.4	78	0.45
17.2	394.5	520.8	101.2	74	0.47
16.4	359.9	615.8	101.9	68	0.55
16.3	356.7	609.7	101.5	74	0.5
19.6	343	529.9	101.4	59	0.55
17.6	370.8	543.4	101.3	69	0.53
17.8	286.1	546.9	101.9	69	0.48
15.5	435	289.8	101.1	73	0.33
18.6	410.4	537.4	101.2	68	0.52
16.5	389.5	286.8	101.1	81	0.28
18.5	294.3	629.8	101.4	65	0.58
16	436	542.1	101.2	65	0.55
18.4	395	485.7	101.2	71	0.45
16.4	423.7	285.4	101.1	75	0.32
18.1	356.7	589.9	101.1	70	0.53
17.7	307.9	614.5	101.5	68	0.56
17.6	408.6	416.9	101.2	74	0.4
17.3	345.8	405.7	101.4	66	0.44
16.3	375.4	480.2	101.5	76	0.4
20	407.3	607.2	101.4	43	0.78
15.3	543.9	285	101.2	74	0.32
17.7	415.5	440.7	101.6	73	0.45
16.6	369.4	585.2	101.7	68	0.55
18.7	355.3	580.9	101.4	61	0.6
13.7	500.6	372.4	101.2	64	0.42
17.2	460.1	451.8	101.4	73	0.45
17	366.3	514.4	101.4	61	0.56
16.5	340.3	554.9	101.4	78	0.43
15.8	404.5	526.1	101.6	66	0.51
17.5	415	408.3	101.4	68	0.46
17.1	648.2	425.8	101.1	63	0.58
15.2	319.3	294.7	101.2	75	0.27
15.6	480.6	293.6	101.9	75	0.35
17.5	458.7	485.8	101.6	66	0.55
16.4	529.3	432.5	101.1	79	0.42
15.5	474.2	407	101.1	67	0.46
15.8	431.9	411.6	101.8	78	0.37
17.5	411.8	503.4	101.5	72	0.49
17	363.5	548.2	101.4	73	0.5
16.5	405.9	636.1	101.4	59	0.68
16.9	470.6	546.8	101.4	70	0.53
17.2	358.5	513.2	101.3	74	0.45
16.8	430.5	316.8	101.6	74	0.36
19.1	364	682.2	101.6	40	0.88
14.2	492.4	245.2	101	88	0.19
17.7	361.2	511.1	101.3	72	0.47
16.8	387.2	342.9	101.6	74	0.35
22.5	362.2	669.4	101.4	21	1.14
14.2	524.3	326.6	100.5	74	0.32
17.8	454.6	431.6	101.3	73	0.44
16.7	365.3	369	101.5	72	0.38
21.8	366.7	656.8	101.2	27	1.03
15.2	400.4	520.3	101.4	69	0.47
17	462.4	555.7	101.3	63	0.62
16.6	368.1	451.4	101.4	59	0.52
18.1	362.2	605.7	101.5	69	0.58
14.9	472.9	392.6	101.7	69	0.44
16.5	512.5	603.3	101.4	62	0.69
16.4	516.1	359.3	101.2	74	0.37
17.5	322.5	631.9	101.4	67	0.58
15.2	407.3	637.6	102	61	0.6
15.4	509.3	458.5	101.5	54	0.62
16.3	502.5	478	101.1	69	0.53
16.5	354	455.6	101.5	73	0.41
16.4	390.9	682.5	101.5	70	0.6
14.9	461	611.2	101.6	51	0.71
17.1	361.2	685	101.3	64	0.66
16.4	307	313.6	101.7	76	0.3
16.3	423.7	627.4	101.2	77	0.52
15.2	487	617.2	101.9	61	0.65
17.5	349.4	586.5	101.2	76	0.49
16.2	377.6	307.6	101.5	83	0.26
16.1	389.5	382.1	101.2	71	0.39
15.6	415	684.5	101.6	62	0.66
17.7	326.2	630.5	101.3	74	0.55
16.5	287.4	309.7	101.5	81	0.25
16.8	411.8	454.9	101.6	59	0.54
16.7	341.2	607.4	101.4	61	0.58
17.5	404.5	604.4	101.2	69	0.6
16.5	362.6	274.4	101.4	77	0.28
16.8	335.7	689.6	101.8	65	0.65
17.3	353.5	617.1	101.4	67	0.57
16.9	599.9	290.5	101	73	0.42
17.5	433.7	577.7	101.6	64	0.62
16.6	638.7	558	101.6	67	0.65
17.5	451	638.1	101.6	64	0.67
14.8	492.4	347.9	101.1	55	0.5
17.1	463.3	542.6	101.6	65	0.58
15.9	669.6	652.3	101.8	44	0.98
16.9	430.9	608.9	101.6	74	0.54
16	389.5	646.5	101.1	62	0.64
17	431.7	627.6	101.4	66	0.62
17.7	436.4	714.7	101.8	36	0.97
17.3	323.9	671.6	101.5	70	0.59
16.1	417.3	582.4	101.3	65	0.57
18.6	403.6	695.6	101.3	60	0.74
17.7	287.9	715.2	101.3	50	0.76
17.3	369	612.9	101.4	74	0.52
17	372.2	688.6	101.4	66	0.67
20.4	345.8	707.9	101.2	56	0.78
16.1	410.9	613.2	101.3	72	0.56
17.5	350.3	459.5	101.2	77	0.39
18.6	422.3	665.7	101.4	75	0.63
19	390.4	684.9	101.2	77	0.62
14.5	596.8	562	101.8	55	0.69
17.5	353	529	101.3	77	0.45
21.5	392.7	673.9	101.1	59	0.83
18.4	367.6	559.2	101.2	74	0.51
14.5	573.1	638.9	102.1	56	0.73
17.6	337.6	584	101.6	73	0.52
22.7	298.8	674.5	100.9	49	0.83
17.6	354.9	323	101.2	80	0.29
14.9	462.8	537.9	101.9	68	0.52
17.9	431.9	614.5	101.6	75	0.57
17.4	415.9	480.2	101	77	0.42
18.2	371.3	442	101.2	77	0.4
15.5	509.8	660.6	101.9	66	0.64
17.7	438.7	559.8	101.2	74	0.53
16.1	393.1	672.7	101.3	66	0.65
18.1	445.5	286.9	101.3	82	0.28
16.8	428.2	703.6	101.7	63	0.71
17.9	668.3	488.9	101.3	76	0.56
16.8	369.4	604.3	101.5	63	0.62
17.5	337.1	348.1	101.1	83	0.28
20	384.5	717.1	101.7	57	0.84
16.4	656.4	483.5	101.6	60	0.67
16.7	538	375.1	101.4	54	0.6
18.3	355.3	466.6	101.1	79	0.41
20.2	339.4	690.2	101.5	64	0.72
15.7	629.6	374.1	101.6	61	0.57
16.7	443.7	437.5	101.3	64	0.52
18.9	401.3	442.8	101	79	0.4
19.9	328.4	711	101.4	65	0.71
16.4	462.8	545.6	101.5	62	0.61
16.9	339.4	511.2	101.4	65	0.51
17.6	361.2	308.1	101.2	84	0.25
17.8	347.1	704.1	101.4	78	0.6
16.1	477.4	368.9	101.3	67	0.47
17.3	436.4	550	101.3	64	0.61
17.5	326.6	333.4	101.2	81	0.29
15.8	364.4	531.6	101.2	84	0.36
16	424.1	350.3	101.2	67	0.41
17.1	405.9	392.7	101.3	63	0.48
17.4	386.8	251	101.4	84	0.23
16.2	344.4	473.2	101.4	84	0.33
16	387.2	299.1	101	67	0.38
16.7	414.5	595.7	101.5	64	0.62
18.4	376.7	477.6	101.3	73	0.47
17.4	361.2	488	101.4	75	0.45
17.1	366.7	531.2	101.2	68	0.53
17.2	357.1	534.5	101.5	69	0.5
18.6	470.1	402.6	101.1	73	0.46
16.5	432.8	298.6	101.1	77	0.32
16.5	384.5	324.8	101.6	76	0.34
17.6	357.6	604.6	101.5	64	0.63
17.4	420.5	533.1	101.3	62	0.61
17.5	376.3	595.1	101	67	0.58
17.5	393.6	556.6	101.6	68	0.57
16.8	373.5	619.5	101.5	64	0.64
16.8	432.3	413.8	101.3	60	0.53
18.9	370.8	701.2	101	68	0.69
18.4	400.4	676.7	101.5	65	0.71
15.8	482.4	360.6	101.5	60	0.49
17.2	469.2	476.8	101.3	53	0.63
19.3	425	679.7	101.2	73	0.66
17.9	445.5	660.4	101.6	74	0.62
17.4	406.8	678.8	101.7	60	0.73
17.2	438.2	611.5	101.6	60	0.68
18.8	355.3	642.5	101.3	75	0.57
18.2	405.4	639.4	101.4	72	0.61
18.4	395.4	592.7	101.6	69	0.6
17.3	463.7	650.7	101.6	66	0.69
19.2	345.3	525.6	101.1	77	0.46
17.8	391.3	620.7	101.5	69	0.58
19.9	454.2	642.4	101.4	68	0.72
17.5	528	539.3	101.6	62	0.66
17.4	385.4	514.4	101.1	80	0.43
18.3	500.6	629.8	101.6	65	0.69
18.4	482.9	433	101.1	75	0.46
17	495.6	341.2	101.5	66	0.48
17.1	397.2	546.9	101.3	71	0.52
17.7	393.6	712	101.5	64	0.74
17.9	416.4	623.3	101.2	66	0.62
16.2	720.7	313.2	101.2	58	0.6
17.6	316.1	479.2	101.5	75	0.43
17.2	436.9	646.5	101.3	69	0.64
17.1	377.6	660.1	101.3	70	0.63
16	586.7	361.4	101.4	62	0.53
18.1	400.9	681.6	101.5	70	0.68
17.4	383.6	718.4	101.2	69	0.68
17.3	374.5	654.6	101.5	63	0.67
16.6	453.7	608.3	101.4	62	0.66
17.6	375.4	620.3	101.3	66	0.64
16.7	434.1	542.2	101.4	71	0.53
17.4	385.8	473.2	101.2	65	0.51
16.8	380.8	336.1	101.5	68	0.38
17.8	484.2	479.8	101.2	73	0.51
16.9	406.3	560.2	101.4	68	0.57
16.2	631.4	311	100.9	83	0.33
17.2	368.1	375.9	101.4	69	0.41
16.3	838.2	500.1	100.9	58	0.75
17.3	446.9	615.3	101.5	69	0.63
16.8	404.1	605.2	101.5	67	0.61
17.6	374.9	610.5	101.3	70	0.58
16.7	399.5	665.7	101.2	63	0.68
17.2	404.5	653.7	101.5	64	0.67
17.3	418.2	538.7	101.5	72	0.53
18.1	317.5	696.6	101.2	73	0.63
17.8	384	688.6	101.5	55	0.74
16.9	380.8	557	101.4	75	0.49
17.3	465.1	591.6	101.5	65	0.64
18.8	389.5	669.1	101.2	72	0.64
18.8	373.5	666.1	101.5	59	0.71
16.3	390.4	369.3	101.6	75	0.35
17.6	436.9	725.4	101.4	62	0.79
18.2	342.1	700.4	101.4	72	0.64
19.3	379.9	696.8	101.3	68	0.68
16.5	362.2	346	101.6	75	0.34
19.9	363.5	690.5	101.4	59	0.77
18.4	449.2	629.7	101.4	77	0.59
20	315.2	700.5	101.2	67	0.69
16.5	422.7	332.8	101.3	73	0.37
21.3	346.7	693.6	101.3	58	0.78
18.7	412.3	528	101.3	75	0.49
17.9	439.6	538.7	101.2	73	0.54
17.3	445.5	491.9	101.3	64	0.56
21.2	315.7	720	101	64	0.76
19	409.1	511.4	101.1	77	0.48
16.2	477.4	534	101.3	61	0.61
17.8	401.8	680.9	101.6	60	0.75
18.4	511.6	639.3	101	77	0.61
18.1	506.6	361.8	101.3	79	0.38
15.9	500.2	632.2	101.7	57	0.71
18	484.7	478.4	101.5	70	0.53
19.1	386.8	687.8	101.2	72	0.67
18.4	387.2	336.8	101.3	76	0.36
16.2	536.2	726.4	101.8	61	0.79
17.1	404.5	397.3	101.3	78	0.3
19.4	364	520	101.1	76	0.47
18.2	425.9	345.6	101.3	79	0.36
17	425	681.6	101.6	59	0.72
16.4	313	309.6	101.2	84	0.24
20.1	331.6	504.6	101	79	0.47
17.5	333.9	334.4	101.1	83	0.28
17.2	366.7	743.2	101.4	68	0.69
16.6	398.6	294.9	101.1	82	0.27
20.9	342.6	401.1	101	82	0.38
17	332.5	328.4	101.1	81	0.28
17.3	379	704.8	101.5	72	0.64
16.7	395.9	311.8	101.4	78	0.3
20.2	353	388.3	101.4	86	0.32
16.8	346.7	336.7	101.2	79	0.3
16.7	426.4	607.7	101.6	68	0.59
17.5	432.8	353.3	101.5	79	0.35
19.8	398.1	452.9	101.4	83	0.41
17.6	369	337.2	101.6	79	0.32
16.7	392.2	559.1	101.3	69	0.55
17.6	389	522	101.4	76	0.47
18.1	417.7	634.7	101.4	72	0.63
18	483.3	597.3	101.7	74	0.59
16.8	379	599.5	101.2	76	0.52
17.3	383.1	509.1	101.2	79	0.42
17.7	613.6	400	101.2	69	0.54
18	481.1	562.9	101.5	68	0.6
17.1	375.8	350	101.4	81	0.3
17.9	370.8	593.8	101	79	0.49
17.5	471.5	634	101.5	58	0.75
18.6	502.9	717.8	101.5	66	0.79
17.2	378.1	320.9	101.5	82	0.27
17.7	365.8	338.5	101.3	81	0.29
17.6	425.5	635.3	101.5	56	0.74
18.6	535.3	717.5	101.4	71	0.76
17.5	512	615.6	101.4	71	0.63
18.3	361.2	592.9	101.3	75	0.53
18.4	376.3	652.5	101.3	66	0.68
18.4	379.9	693.6	101.4	70	0.69
17.4	379	375.9	101.1	70	0.4
19	343.9	668.4	101.2	73	0.62
18	333.5	324.8	101.4	74	0.34
18	384.9	692.8	101.6	68	0.69
17.4	359.9	461.1	101	73	0.44
19.2	358.1	618.9	101.1	76	0.56
18.6	436.9	639.3	101.5	72	0.63
18.2	377.6	659.9	101.4	67	0.66
17.4	370.8	339.4	101.2	77	0.34
21.4	433.2	551.1	101	70	0.63
19.1	384	661.6	101.2	73	0.63
17.7	401.8	580.7	101.3	68	0.6
18.4	405	488.4	101.4	67	0.53
21.2	370.4	680.7	100.9	69	0.72
18.8	307.9	618.2	101	76	0.54
18	394.5	531.6	101.1	70	0.54
18.4	500.6	687.1	101.3	71	0.71
19.1	430.5	687.2	100.8	78	0.63
19.1	362.2	673.3	101.1	75	0.64
18.4	405.9	655.5	101	72	0.65
18.5	475.6	537.8	101.1	75	0.53
18.4	389	669.6	100.8	74	0.62
19.5	465.6	599.7	101.2	74	0.6
17.3	396.3	327.1	101.2	81	0.3
18.3	331.2	567.3	101.2	74	0.52
17.9	466.9	566.8	101	68	0.62
20.1	444.6	666.6	101.1	73	0.68
18.4	345.8	578.4	101.4	75	0.52
18.6	402.2	650	101.2	67	0.68
19.3	409.1	460.1	101.4	63	0.56
21.5	445.1	727.8	101.2	68	0.83
18.2	367.2	611.3	101.3	75	0.56
19.2	402.2	682.5	101.3	67	0.72
19.9	494.3	636.5	101.4	63	0.75
22.5	441.9	705.5	101.1	64	0.85
18	401.3	328.8	101.5	77	0.33
20.2	425.5	726.3	101.1	70	0.75
19.5	502	710.5	101.2	71	0.75
25.7	451	686.6	100.9	47	1.11
18.8	488.3	630.4	101.5	74	0.64
18.3	438.7	603.8	100.9	83	0.49
19.6	523.9	652.5	101.2	75	0.67
26	351.2	735.6	100.8	41	1.14
18.6	426.4	653.9	101.4	68	0.68
18.3	498.4	409	100.9	82	0.37
19.6	550.3	684.9	101.5	71	0.76
21.1	342.6	728.1	100.7	71	0.75
18.9	449.2	667.6	101.3	63	0.76
19.1	378.1	493.8	101	80	0.44
19.1	531.2	698.2	101.7	68	0.77
19	531.6	508.4	101.1	78	0.5
18.6	440.5	581.7	101.4	63	0.67
19	323	301.3	101	82	0.27
19.6	405	722.1	101.4	71	0.73
21.3	343	627.8	101.3	70	0.65
19	467.8	574.6	101.5	67	0.64
19.1	334.8	356.5	101	78	0.33
19.4	355.3	658.4	101.3	71	0.63
21.5	406.8	704	101.2	75	0.72
18.8	472.4	639.2	101.4	70	0.68
18.6	339.4	515.7	101.2	77	0.46
19.3	320.2	660.9	101.3	70	0.62
21.6	386.3	692.6	101.1	71	0.73
18.3	397.7	617	101.2	72	0.6
18.7	352.1	638.7	101.1	73	0.6
20	358.1	699.5	101.2	74	0.67
21	400	719.4	101.1	70	0.75
18	396.3	634.7	101.2	69	0.63
18.7	384.5	663.6	101.1	69	0.66
21.9	435.5	728.7	101	66	0.82
21.4	472.4	718.1	101.3	70	0.81
17.8	373.5	601.2	101.3	71	0.58
19.9	378.6	685.4	101.2	69	0.71
19.6	419.1	535.8	101.2	80	0.48
21.8	380.8	696.2	101.2	66	0.77
18.2	381.3	583.4	101.3	69	0.58
20.4	338.5	697.8	101.1	72	0.67
19.3	480.1	602.4	101.3	80	0.54
20.9	364.9	691.3	101	73	0.7
17.8	403.2	467	101.2	75	0.46
20.8	361.2	690.6	101.3	74	0.68
20	400.9	583.2	101.5	77	0.56
18.5	549.4	374.6	101	76	0.43
17.9	486.5	340.9	101	77	0.37
20.1	389	690.2	101.3	74	0.67
20.4	366.7	632	101.4	73	0.64
18.9	378.1	523.7	101.3	72	0.53
18.5	465.6	478.9	101	74	0.5
19.5	359.9	617	101.1	75	0.58
20.3	378.1	612	101.2	72	0.62
20.8	472.9	629.8	101.3	69	0.71
18.4	390.9	444.3	101.2	73	0.45
18.8	373.5	477.5	101.1	75	0.45
20.2	433.7	493.1	101.3	72	0.54
22.8	402.7	447.4	101.2	68	0.55
19.4	392.7	660.6	101.3	64	0.72
19.5	381.3	639.8	101.5	70	0.65
20.1	406.8	483.6	101.6	72	0.52
24.3	369.4	612.6	101.2	63	0.75
19.9	532.5	663.8	101.4	68	0.76
20.2	362.6	681.8	101.5	69	0.7
20.8	516.6	628.5	101.6	74	0.68
23.5	350.3	596.1	101.3	67	0.67
19.5	492.9	654.4	101.3	75	0.66
19.6	355.3	584.1	101.4	72	0.58
19.9	471.9	648.8	101.4	76	0.63
23.7	351.7	455	101.4	73	0.52
18.9	438.2	472	101.1	78	0.46
19.7	365.8	600.1	101.3	71	0.61
20.5	373.5	712.9	101.1	71	0.71
23.2	387.7	652.4	101	75	0.7
18.5	359	318.1	101.1	80	0.3
20.1	330.3	435.6	101.2	73	0.44
19.5	429.1	546.4	101.5	75	0.53
21.5	387.2	521	101	75	0.54
18	467.8	329	101.1	78	0.35
20.9	329.8	619.9	101.1	73	0.61
19.7	375.8	624.8	101.6	71	0.62
22.6	380.4	638.9	101.3	69	0.72
17.8	401.8	263	101.3	84	0.25
21	333.5	574.1	101.4	80	0.52
19.7	381.7	672	101.5	72	0.67
23.1	466.5	695.2	101.4	72	0.8
19.2	354.4	670.2	101.4	63	0.71
21	372.6	573.8	101.4	75	0.58
20.3	388.1	686.3	101.4	71	0.71
23.2	442.8	679.4	101.2	71	0.77
19.3	369	710.4	101.2	68	0.71
21.3	369	659.6	101.3	69	0.7
21	345.3	622	101.1	73	0.61
23.6	397.7	712.5	100.9	69	0.81
19.1	424.1	303.4	101.2	74	0.36
21.9	390.4	562.4	101.5	73	0.6
21.2	359.9	533	101	80	0.49
22.2	375.8	634.7	101.1	74	0.66
18.8	512	649.6	101.5	64	0.74
23.5	395.9	335.2	101.6	76	0.4
21.4	363.5	486.8	101.1	79	0.46
21.9	366.7	659.8	101.3	75	0.68
19.3	441	676	101.5	66	0.73
23.7	415	654.8	101.4	70	0.74
21.6	398.1	650.4	101.4	73	0.69
22	365.8	587.5	101.2	75	0.6
19.3	468.3	659.6	101.2	71	0.69
23.2	433.2	666.6	101.3	75	0.72
21.7	497.9	699.6	101.6	75	0.76
22	387.2	544.6	101.1	76	0.56
19.1	444.6	539.6	101.1	71	0.56
22.9	490.6	647.5	101.5	74	0.72
20.6	482.4	513.3	101.4	75	0.55
20.5	403.6	472.1	101.1	73	0.51
18.9	332.1	623.3	101	73	0.57
22.3	428.7	670	101.5	78	0.69
20.6	363.5	601.7	101.2	73	0.6
21	374.9	674	101.3	65	0.76
19.2	320.2	595.5	100.9	75	0.53
21.5	367.2	540.8	101.4	81	0.51
20.5	341.2	626.9	101.2	74	0.61
21.4	351.7	660.6	101.5	66	0.72
18.7	340.7	456	101	79	0.4
20.9	350.3	356.8	101.6	78	0.37
21.3	380.4	623	101.3	73	0.64
21.7	362.6	685.1	101.4	68	0.74
19.6	370.4	618.9	101	73	0.6
21.6	348	545	101.5	76	0.55
21.9	358.1	684.7	101.2	73	0.7
21.5	370.4	675.5	101.3	69	0.71
20.3	379	619.3	100.9	73	0.62
21.3	348	537	101.4	78	0.52
21.7	374.5	641.8	101.2	71	0.67
21.4	428.7	640.6	101.3	71	0.68
20.8	364	650.6	100.8	70	0.66
21.1	305.7	307.3	101.6	79	0.31
21.1	362.2	639.1	101.2	71	0.66
22.7	456.5	649.6	101.3	70	0.74
21.4	350.3	693.2	101	70	0.71
21.5	327.1	348	101.5	74	0.39
21.3	378.1	658.8	101.1	70	0.69
22.1	463.3	660.4	101.3	72	0.74
22.2	375.4	572.2	101	69	0.61
21.6	367.6	380.2	101.3	78	0.42
21	368.5	664.7	101.1	70	0.69
20.5	374.5	681.9	101.2	68	0.73
23	356.7	569.6	100.9	71	0.61
21.5	442.3	516.7	101.3	72	0.59
21.1	377.2	654.8	101.1	71	0.68
20.8	390.4	628.8	101.4	65	0.72
22.5	357.1	618.5	101	72	0.65
21.9	477	602.9	101.5	70	0.71
21.5	369	652.6	101.2	70	0.7
21.2	431.4	437.5	101.5	71	0.53
21.8	347.6	667.1	101	71	0.69
21.5	378.1	501	101.4	75	0.53
22.1	388.1	671.5	101.3	67	0.75
21.2	478.8	509.9	101.4	75	0.56
20.4	371.3	555.6	101	76	0.54
21.1	400.4	462.9	101.2	77	0.48
22.7	395.9	616.5	101.4	68	0.7
21.7	369	586.7	101.3	75	0.6
21.2	333.9	468.1	101	72	0.49
21	405.4	631.6	101.3	69	0.69
22.9	410	641.1	101.4	69	0.74
22.7	362.2	589.8	101.3	73	0.63
21.1	361.2	595.8	101.1	73	0.61
20.9	373.1	678.6	101.3	65	0.75
22.1	465.1	578.2	101.2	74	0.65
23	371.7	490.6	101.3	75	0.53
21.5	371.3	610.7	101.2	72	0.65
20.8	373.5	594.7	101.3	68	0.64
20.7	422.3	303.3	101.1	80	0.34
22.6	397.2	452.3	101.3	76	0.5
21.6	425.5	611.8	101.2	72	0.67
20.2	352.1	561.7	101.2	73	0.55
21.4	356.7	477	101.1	77	0.48
22.4	421.4	522.5	101.3	73	0.59
21.3	343.5	601.8	101.2	71	0.63
20.5	395	650.6	101	68	0.7
22.1	385.4	512.4	101.4	76	0.54
22.2	425.9	434.6	101.3	78	0.47
21.4	375.8	646.9	101.3	71	0.7
20.6	380.8	653.1	101.1	64	0.74
22.2	435	655.5	101.4	76	0.69
22.6	423.7	541	101.2	76	0.58
21.3	470.6	606.7	101.3	71	0.68
20.7	384.5	658.9	101.3	61	0.77
22.5	433.2	655.1	101.3	75	0.7
22.5	399.5	590.8	101.3	77	0.62
19.3	416.8	284.8	101.2	82	0.3
20.7	445.1	669.6	101.3	67	0.74
23	382.7	665	101.2	70	0.72
20.9	439.6	297	101.3	79	0.35
18.1	384.9	292.7	101.1	75	0.33
20.7	402.7	666.8	101.2	73	0.67
21.8	381.3	661	101.1	72	0.69
20.6	338.5	303.7	101.3	81	0.3
19.7	432.3	529.5	101.4	64	0.64
20.1	348.9	647.1	101	73	0.61
21.1	352.1	652.6	101	70	0.69
21.2	381.7	433.1	101.3	72	0.49
20.2	436	593.7	101.5	67	0.67
20.1	333.9	608.2	101	71	0.59
20.3	405.9	629.8	101	68	0.68
22.2	429.1	562.7	101.4	67	0.67
19.6	459.6	338.3	101.6	74	0.43
19.8	344.4	551.1	101	73	0.53
20.6	383.6	613.9	101	65	0.69
21.5	336.6	494.2	101.2	72	0.53
19.7	535.7	473.9	101.5	73	0.55
18.7	327.1	435.2	101	80	0.37
20.9	374	626.2	101.4	65	0.72
20.2	376.3	301	101.3	77	0.35
20	434.1	597.6	101.4	71	0.63
19.1	371.7	365.6	100.9	80	0.34
20.8	390.9	562.8	101.4	66	0.65
20.6	407.7	541.4	101.3	68	0.62
20.2	345.3	613.4	101.4	70	0.61
19.2	361.7	319.7	100.7	78	0.33
20.3	408.2	485.5	101.2	63	0.61
20.7	426.4	648	101.3	65	0.76
20.3	388.1	637.9	101.5	69	0.66
20	414.5	525.5	100.9	71	0.56
20.4	376.3	553.6	101.2	59	0.68
21.1	400	639.3	101.6	67	0.7
20.2	477	604.2	101.6	63	0.71
20.6	470.6	563	101.2	71	0.62
20.4	436.4	604.1	101.4	68	0.68
21.3	371.7	639.3	101.4	70	0.67
19.5	423.2	628.6	101.6	69	0.65
21.2	381.3	380.3	101.2	74	0.42
20.6	418.6	598	101.4	68	0.68
20.8	370.4	606	101.1	67	0.67
19.3	374	628.2	101.5	65	0.68
23.1	331.6	538.6	101.3	67	0.61
20.3	378.6	582.5	101.1	67	0.64
20.8	426.8	376.7	101.4	69	0.51
19.2	368.1	609	101.5	61	0.68
23.7	306.6	572	101.2	69	0.62
20.1	417.7	541.3	101.1	65	0.64
21.1	369	576.5	101.5	65	0.68
19.3	362.2	496.8	101.6	68	0.53
23.7	310.7	579	100.9	69	0.62
20	390.4	492.8	101.1	68	0.56
21	453.7	628.5	101.6	61	0.77
19.6	405	484.7	101.5	76	0.48
21.9	345.8	611.3	100.9	75	0.61
20.4	454.2	600.4	101.3	67	0.68
21.5	479.2	644.3	101.5	64	0.8
19.3	309.8	454.9	101.4	79	0.39
21.8	405.4	561.8	100.9	76	0.58
19.7	456.5	538	101.3	74	0.55
22.9	405.4	639.9	101.4	64	0.78
19.8	313	414.1	101.5	76	0.39
21.9	472.4	577.4	100.8	78	0.59
19.4	409.1	487.9	101.1	76	0.47
22	310.7	608.8	101.4	73	0.6
20.4	444.6	552.5	101.6	76	0.55
21.8	380.4	614.3	100.6	78	0.6
19.9	323.9	585.3	100.9	70	0.57
21	375.4	567.8	101.2	76	0.55
21.4	504.7	519.2	101.5	74	0.59
21	400.4	515.9	100.6	80	0.48
19.9	361.7	616.7	101	68	0.62
21.6	383.6	537.5	101.2	74	0.56
22.7	430	490.2	101.2	67	0.63
21.2	395	585.5	100.8	77	0.58
19.5	449.2	572	101.1	74	0.55
21.1	361.2	550.5	101.2	71	0.58
21.9	333	571.7	101.1	77	0.55
21.8	355.8	547.5	100.9	75	0.54
19.7	420.5	589.4	101.2	74	0.56
21.2	366.3	559	101.2	73	0.58
20.1	378.1	262.9	101.3	84	0.26
25.7	356.7	566.6	100.7	58	0.78
20	374.5	534	101.2	76	0.49
21.6	363.1	554.8	101.1	74	0.57
21.3	333.9	576.4	101.2	70	0.6
28.9	408.6	597.5	100.7	45	1
21.4	456.5	576.8	101.1	69	0.64
22	347.6	562.7	101.3	74	0.56
20.6	354.4	579.1	101.3	73	0.57
28.2	358.1	597.8	100.6	44	0.96
22	430	608.5	101	66	0.7
23.6	319.3	589.1	101.4	71	0.62
20	395.9	600.4	101.3	73	0.58
24.3	379.5	607.7	100.7	66	0.71
20.7	409.5	604.6	101	77	0.57
24.3	409.5	604	101.4	67	0.73
21	304.3	598.5	101.2	64	0.62
21.1	405.9	445.4	101	79	0.43
20.2	378.6	577.6	101	71	0.57
24.4	383.1	591.5	101.2	58	0.77
22.9	292.9	580.5	101.2	56	0.7
20.4	382.7	543.1	101.1	72	0.57
19.9	398.6	584.3	101.1	70	0.6
24.1	307.5	591.1	101	65	0.67
21.9	395.9	505.2	101.4	69	0.58
21.3	373.5	514.2	101.1	70	0.55
18.9	428.7	546.5	101.2	72	0.53
24	346.7	585.4	100.9	68	0.65
21	320.7	424.8	101.3	74	0.43
20.2	392.2	360.3	101	77	0.39
19.1	385.8	563.5	101.1	69	0.57
23.8	463.3	581.9	101	69	0.73
20	408.6	517	101	71	0.56
20	355.3	532.3	101	68	0.57
19.4	364	424.8	100.9	70	0.46
23.7	458.3	578.2	101	62	0.79
19.2	575.3	258	101.1	68	0.45
20.2	342.6	485.1	101.3	61	0.58
19.8	348.9	512.2	101	66	0.55
21.1	316.1	534.7	101	80	0.47
19.1	441.9	526.7	101.4	63	0.61
20.2	451.9	562	101.3	69	0.63
20.5	372.6	544.5	101.2	73	0.54
20.3	335.3	503.9	101	78	0.44
19.5	373.5	585.4	101.6	69	0.59
20	458.3	502.3	101.3	73	0.53
23.7	409.5	535.8	101.1	51	0.77
20.8	324.8	417.1	101.3	81	0.38
19.8	320.2	555	101.4	74	0.51
19.7	331.6	477.3	101.2	73	0.46
23.1	292.9	254.9	101.1	66	0.38
21.6	288.8	463.3	101.2	74	0.44
19.7	343.9	467	101.1	71	0.47
19.7	309.8	463.7	101.2	69	0.47
22.5	354	245.8	100.9	73	0.34
20.2	336.2	490.5	101	72	0.5
19.7	366.3	560.2	101.3	69	0.56
18.8	317.1	302.7	101	74	0.32
19.8	422.7	313.7	101.1	77	0.35
19.9	387.7	470.6	101.2	68	0.53
20	441.9	552.8	101.4	72	0.56
19	313	447.1	101.1	69	0.44
19.5	406.8	479.8	101.1	65	0.54
20.5	374.9	448	101.4	62	0.56
20.2	419.1	508.2	101.3	74	0.5
18.7	298.4	239.6	101.1	78	0.25
17.7	381.3	348.2	101.1	72	0.39
20.3	451	408.9	101.1	65	0.56
20	390.9	473	101.2	78	0.44
18.6	462.8	295.2	101	69	0.43
19.1	430	536.8	101.1	60	0.63
21	423.2	425.5	100.9	58	0.62
20.5	331.2	433.2	101.1	75	0.42
19	342.1	497.7	101.5	57	0.59
22.1	343.5	562	100.8	54	0.68
21.7	349.9	501.2	101.3	62	0.6
20.6	385.4	256	101.4	87	0.24
18.5	297	537.9	101.6	65	0.53
20	306.1	460.5	100.7	78	0.41
21.5	378.6	535.2	101.6	66	0.61
20.8	370.4	295	101.6	84	0.27
19	277.4	504	101.4	72	0.46
19.4	367.6	445.8	101.1	79	0.38
21	405.4	453.8	101.6	70	0.51
20.3	328.4	322.2	101.5	81	0.3
19.4	360.8	348.3	101.5	70	0.39
20.1	398.1	468	101	78	0.43
20.9	444.2	507.8	101.5	67	0.58
19.3	347.6	375.6	101.4	80	0.34
19	432.8	507.2	101.7	69	0.54
24	385.8	368.7	101	57	0.58
20.9	421.8	500.3	101.5	71	0.54
19.1	301.1	351	101.2	74	0.36
19	297.9	463.3	101.8	70	0.45
22.2	329.8	456.6	101.2	74	0.46
21.2	338.5	455.8	101.4	71	0.47
19.4	329.4	464.7	101.3	73	0.46
18.7	360.8	515.6	101.6	74	0.46
21.4	361.7	454.6	101.1	76	0.44
20.4	388.6	252.6	101.3	68	0.38
19.9	381.7	518.6	101.4	77	0.48
18.9	300.7	524.5	101.3	80	0.39
22.1	400	530	101.2	64	0.61
20.3	371.7	274.9	101.2	70	0.45
21.2	408.6	506.9	101.4	76	0.51
18.9	284.7	477	101.2	79	0.35
21.5	414.5	528.5	101.4	69	0.6
20.1	331.6	298.1	101.2	75	0.32
22	379	433	101.2	77	0.45
18.3	248.3	495.4	101.3	81	0.36
20	329.4	498.9	101.4	73	0.48
20.9	376.3	464.4	101.1	73	0.5
22.4	385.8	502.1	101	69	0.53
18.5	310.7	437.9	101.5	76	0.37
19.1	382.2	454.2	101.2	68	0.5
20.7	377.6	304.4	101.4	75	0.36
21.4	348.9	477.4	101.3	81	0.42
18.7	351.2	343.1	101.4	81	0.29
19.7	481.5	427	101.3	61	0.59
20.6	310.2	240.1	101	71	0.33
25.8	330.3	502.8	101.3	47	0.73
18.8	348	406.5	101.2	84	0.31
18.9	399.1	467	101.3	56	0.6
21.6	339.8	493.6	101.2	66	0.55
26.4	262.8	480.1	101.3	36	0.74
18.6	287.9	299.3	101.4	84	0.23
18.5	405.4	491.2	101	67	0.52
22.2	369.4	510.7	101.5	68	0.55
20.7	283.8	471.5	101.3	80	0.4
18.4	321.6	399.9	101.5	77	0.35
19.6	353	440.2	101.3	74	0.45
20.7	444.2	456.5	101.4	78	0.44
19.4	338.9	391.3	101.3	79	0.33
18.6	375.8	342.1	101.6	72	0.38
20.7	426.4	395	101.6	70	0.49
20.4	376.7	413.2	101.3	70	0.48
20.5	440.5	421.3	101.4	76	0.44
19.6	377.2	484.1	101.8	69	0.51
19.6	416.8	457.4	101.5	78	0.42
19.8	341.2	319.3	101.3	65	0.41
19.4	357.1	409.7	101.3	71	0.44
21.7	377.6	491.7	101.8	59	0.64
19	315.7	434	101.5	74	0.37
21.1	350.3	471.5	101.5	56	0.64
19.2	383.6	429.1	101.4	66	0.48
22.4	225.9	481.5	101.1	50	0.6
19.1	395.4	452.5	101.6	72	0.44
23.7	323.9	509.2	101.6	13	1.03
18.9	372.2	419.2	101.5	73	0.4
20.4	244.6	491.4	101.1	70	0.47
19.2	416.4	385.1	101.5	74	0.39
22.8	225	487.8	101.1	19	0.82
20.1	298.4	162.3	101.7	83	0.18
18.8	299.3	370.2	101.4	85	0.27
18.7	396.3	417.8	101.5	77	0.39
19.4	296.1	472.3	101.3	58	0.55
20	392.2	214.1	101.4	88	0.2
18.9	308.4	431.4	101.6	76	0.38
18.6	425.9	276.8	101.5	77	0.31
19.2	354	463	101.3	71	0.42
19.1	297	365.3	101.3	71	0.35
18.1	329.4	326.6	101.8	72	0.34
18.6	338.9	277	101.5	79	0.27
18.9	324.3	404	101.2	73	0.37
19.5	381.7	290.4	101.3	74	0.34
18.5	283.3	319.5	101.6	68	0.34
18.3	378.1	236.3	101.5	68	0.36
19.4	363.5	388.7	101.2	70	0.42
19.6	353	296.9	101.3	71	0.34
18.7	324.8	462.9	101.4	74	0.41
18.6	336.2	342.1	101.2	67	0.39
19.6	308.9	306.4	101.2	74	0.33
19.2	360.3	313.3	101.6	74	0.33
18.7	343.9	420.7	101.3	83	0.31
18.6	383.1	373	101.1	70	0.4
20.1	380.4	337.8	101.1	70	0.41
19.4	409.1	342.6	101.7	75	0.38
19.6	352.1	438.3	101.3	77	0.38
17.6	343.9	397.2	101.3	83	0.3
20.2	345.3	383.9	101.5	68	0.44
18.2	345.3	163.6	101.7	90	0.18
19.8	335.3	224.6	101.6	74	0.29
19.4	369	437.2	101.4	63	0.43
19.8	327.1	265.6	101.4	77	0.3
19.6	437.3	388.5	101.4	67	0.46
19.8	402.7	264.7	101.4	81	0.29
16.7	405.4	184.4	101.5	89	0.14
19.6	435	288	101.1	69	0.38
18.7	324.8	325.6	101.5	71	0.34
18.7	327.5	158.2	101.1	87	0.17
19.8	418.6	354.3	101.7	60	0.51
20.1	404.1	437.1	101.3	63	0.54
19.7	239.6	302	101.5	70	0.3
18.7	394	247.1	101.4	85	0.22
18.4	305.7	209.3	101.7	77	0.23
20.4	326.2	449.1	101.5	19	0.81
19.8	446.9	184.7	101.3	87	0.21
18	300.2	195.2	101.3	86	0.15
20.2	327.1	263.3	101.9	75	0.28
20.7	227.3	433.7	101.2	23	0.7
19.3	385.4	340.7	101.4	82	0.29
17.2	285.6	264.8	101.4	84	0.19
19.5	361.2	348.2	102	73	0.34
20.6	253.7	441.3	101.2	35	0.69
19.6	270.6	235.7	101.7	77	0.25
17.9	311.6	261.7	101.2	81	0.23
19.1	489.3	362.9	101.7	70	0.43
20.7	308.4	418.4	101.4	39	0.62
20.6	328.4	246.4	101.9	64	0.36
18.5	414.5	380.1	101.3	74	0.39
17.3	537.1	356.5	101.6	65	0.45
19.9	306.1	403.1	101.5	54	0.5
22.3	246.9	310.3	101.5	53	0.44
17.8	384	334.6	101.3	70	0.38
16.6	364.4	427.3	101.8	56	0.48
18.4	324.8	406.1	101.3	64	0.42
21.8	332.5	275.2	101.4	67	0.41
17.7	324.3	349.7	101.1	66	0.39
16.7	269.7	400.6	101.7	54	0.4
17.4	343	416.6	101.4	71	0.33
20.6	366.3	269.8	101.6	73	0.3
17.6	343.9	359.3	101.5	62	0.43
16.2	272	377.5	101.5	56	0.37
17.4	329.8	358	101.4	79	0.25
19.2	378.6	325.2	101.6	78	0.32
17.4	359.4	281.7	101.7	64	0.35
17.7	304.3	398.7	101.7	34	0.59
18.3	268.8	400.9	101.4	66	0.33
18.3	252.4	305.5	101.4	72	0.28
17.1	321.2	405	101.5	71	0.35
18.2	331.2	284.9	101.6	21	0.68
18	256.5	286.2	101.6	81	0.21
18.3	401.3	108.1	100.6	91	0.13
17.7	274.2	343.3	101.4	79	0.26
18.5	351.7	358.9	101.4	41	0.6
18.5	283.3	340.2	101.6	72	0.32
18.7	524.8	273.8	101.2	79	0.3
17.6	381.3	161	101.7	83	0.18
17.1	342.6	355	101.7	37	0.58
17.3	442.3	357.4	101.4	62	0.44
17.3	461.5	197.3	101.6	66	0.36
17.2	343.9	283.4	101.6	72	0.29
18.2	317.1	411.2	101.6	19	0.73
17.1	433.2	376.8	101.3	46	0.6
16.3	344.4	391.1	101.4	60	0.43
17.7	319.8	291.3	101.5	71	0.3
17.1	301.1	407.6	101.3	25	0.65
16.3	265.1	399.1	101.8	24	0.57
16.2	343	230.3	101.2	70	0.25
17.8	220.9	384.9	101.3	74	0.29
16.6	329.4	395.4	101.3	55	0.46
16.8	286.1	368.9	102	37	0.5
15.8	392.7	214.7	101.4	76	0.22
16.7	194.5	251	101.3	88	0.14
16.7	333.9	342.2	101.5	71	0.33
16.6	302.9	389.9	101.2	56	0.44
16.7	326.6	309.9	101.9	74	0.28
16.4	305.2	262.1	101.3	82	0.2
17.5	371.7	310.1	101.6	61	0.4
17.5	370.4	336.3	101	59	0.48
16.2	295.2	321	101.9	73	0.27
16.3	369.4	153.9	101.5	82	0.19
17.2	347.1	335.9	101.4	65	0.38
16.9	507.5	386.2	101.6	21	0.83
16.8	371.3	363.7	101.9	80	0.28
17.2	291.1	296.9	101.6	68	0.28
16.4	306.1	341.8	101.4	69	0.29
16.9	252.4	381.1	102	32	0.51
18	329.8	342	101.8	75	0.3
16.6	227.3	338.3	101.8	71	0.27
17.5	304.8	374.5	101.5	36	0.52
19.5	289.3	362.8	101.7	38	0.58
19.5	227.8	360.3	101.8	44	0.47
16.1	335.3	250.6	101.7	73	0.25
18.8	307	375.8	101.1	26	0.59
21.2	233.2	337.5	101.5	28	0.57
19.6	225.5	375.8	101.9	35	0.54
16.1	308.4	211.8	101.6	78	0.2
17.5	277.4	350.4	101.2	73	0.29
20.6	194.1	321	101.7	30	0.54
18.3	216.4	362.8	101.7	51	0.39
16.2	227.3	350.3	101.6	75	0.26
17.2	330.3	352.3	101.3	73	0.32
20.6	282.4	305	101.7	35	0.53
17	306.1	233.4	101.4	76	0.24
16.6	291.5	301.1	101.6	76	0.27
16.6	300.7	335.1	101.6	68	0.34
19.2	265.6	356.7	101.4	42	0.45
17	449.2	314.4	101.3	69	0.36
15.1	551.2	218.4	101.6	75	0.3
16.7	349.9	313.2	101.5	65	0.35
17.1	326.6	298.5	101.4	70	0.28
15.6	311.1	360.3	101.7	62	0.36
13.7	277	327.7	102.1	65	0.29
17.4	293.4	323.8	101.6	59	0.38
16.8	310.7	338.1	101.7	66	0.29
15.3	277.9	305	101.7	65	0.29
14.2	266.9	350.5	101.9	57	0.31
18.7	272.4	334.1	101.2	22	0.64
16.9	283.8	232.9	101.8	79	0.19
16.3	259.2	240.7	101.6	62	0.27
14.1	330.3	261.1	101.5	64	0.3
15.9	318.9	324.2	100.9	74	0.3
17.4	292.9	322.7	101.8	75	0.27
18.1	346.7	350.7	101.9	58	0.39
14	430.5	336.7	101.7	44	0.5
19.3	314.8	350.6	101.3	42	0.56
17.4	320.2	313.8	101.4	70	0.32
19	281.1	334.9	102.1	33	0.59
12.8	182.7	240.8	102.2	36	0.32
21	362.2	341.2	101.3	23	0.76
16.5	462.8	152.8	101.1	72	0.26
17.4	256.5	330.3	101.8	30	0.49
12.3	280.6	350.9	101.9	42	0.37
21.3	311.6	211.5	101.5	35	0.56
15.5	448.3	214.9	101.3	75	0.3
16.3	325.7	296.7	101.5	67	0.32
14	292	351.6	101.9	35	0.48
17.7	280.2	324.2	101.7	63	0.34
14.7	342.1	302.4	101.8	60	0.34
15.3	267.4	330.1	101.3	70	0.27
14.6	224.1	317.6	101.8	38	0.39
15.9	350.8	287.9	101.6	77	0.24
15.7	252.4	335.2	101.9	51	0.38
15.7	277.4	323.3	101.4	72	0.27
14.4	274.7	257.6	101.7	79	0.17
16.3	313.4	264.2	101.5	74	0.26
17.5	272.9	320.6	101.5	31	0.51
15.6	260.6	338.1	101.8	59	0.31
13.5	283.8	168.2	101.4	73	0.19
16	366.3	150.9	101.3	69	0.28
17.3	228.2	273.8	101.5	57	0.32
15.2	322.1	245.8	101.3	65	0.3
13.2	469.7	112.2	101.2	94	0.11
16.9	424.6	169.2	101.4	75	0.32
15.9	264.2	303.4	101.5	66	0.29
14.2	255.6	320.6	101.7	36	0.41
14.5	295.6	240.6	101.4	79	0.18
15.8	348	134.7	101.7	83	0.21
14.5	660.5	276.6	101.2	52	0.53
13.7	249.6	337.5	101.5	38	0.41
14	208.6	329.3	102.1	64	0.26
16.9	359.4	292.7	101.7	31	0.56
13.4	315.2	325.5	101.8	46	0.4
14	291.1	283.9	101.1	57	0.34
14	216.4	297.6	101.7	51	0.29
14.7	282.4	320.4	101.9	20	0.56
14.9	298.8	334.7	102.1	35	0.51
15.1	364	290.8	101.6	63	0.35
15.8	195.4	332.3	102.1	41	0.39
14.1	328.4	318.5	101.9	27	0.55
15.1	272.4	313.2	102	30	0.52
13.4	292.5	240.8	101.9	65	0.23
16.2	184	332.2	102	29	0.46
14.3	277.4	320.2	102.1	25	0.52
14.3	174.9	228.5	101.7	48	0.27
14.2	288.8	298.7	101.8	68	0.26
16.8	223.2	300.3	101.9	27	0.5
14.1	266	328.1	102.1	30	0.48
13.9	246.9	309.3	101.7	48	0.32
15	340.3	300	101.8	72	0.25
15.1	217.7	295.5	101.9	28	0.41
20.4	445.5	324	102.1	10	0.94
15.2	237.8	323.5	101.9	38	0.43
14.7	263.8	264.5	101.8	76	0.18
14.4	213.6	201.4	102.1	36	0.35
16.4	270.6	307.3	102.1	23	0.58
16.1	244.2	302.5	102.1	26	0.51
15.5	539.8	127	101.7	83	0.19
15	220	286.1	102.2	31	0.41
15.3	287	319.9	101.8	23	0.56
15.3	258.3	317.2	102.1	30	0.5
15.3	238.7	184.4	101.8	73	0.17
14.6	262.8	299.5	102	44	0.4
14.5	300.7	316.2	101.4	44	0.38
15.5	242.3	222.9	101.8	32	0.4
14.6	256.5	271	102.1	72	0.23
16	220.9	267.6	101.8	35	0.42
14.7	324.8	318	101.3	36	0.44
15.8	251.5	311.4	101.9	40	0.46
15.6	392.2	249.7	102	75	0.27
16.6	359.9	286.9	100.9	60	0.5
17.2	227.3	316.9	101.7	24	0.53
16.4	277.4	269.1	101.8	21	0.56
14	270.6	268.2	102	69	0.23
20.1	620	308.9	101.3	19	1.09
17	230.5	275.7	101.8	19	0.52
15.9	240.1	246.6	101.7	24	0.46
15.1	348	269.3	102	69	0.27
19.1	373.5	296.9	101.3	26	0.7
15	286.5	304.7	101.6	42	0.4
15.2	184	307.3	101.8	31	0.4
16	200	284.2	101.8	61	0.25
14.3	166.7	309.8	101.7	54	0.3
13.1	237.3	221.2	101.6	71	0.2
14.9	190	300.3	101.7	28	0.41
14.5	251	290.3	101.3	76	0.19
14.9	241.9	308.2	102.1	33	0.43
14.1	315.2	298.8	102	37	0.48
15.7	220.9	205.6	101.5	50	0.3
14.2	430	200.1	100.8	79	0.23
13.9	152.2	300.8	102	49	0.27
12.1	257.4	299.4	102	23	0.46
15.5	303.4	180.8	101.5	70	0.25
10.2	711.6	309.1	101.1	16	0.78
13.4	230	303.1	101.6	62	0.24
12.7	265.6	172.1	101.6	31	0.38
14.6	282.4	191.4	101.7	57	0.3
8.1	213.6	197.2	102.2	26	0.33
13.2	364	185.7	101.6	76	0.2
14.1	216.8	276.6	101.8	36	0.37
13.3	242.8	221.7	101.6	64	0.23
9.3	243.7	127.4	101.8	30	0.33
14.4	650.5	100.4	101.4	84	0.19
14.1	264.7	172.9	101.6	52	0.31
13.1	253.3	216.3	101.3	61	0.25
11.1	605.9	78.4	100.6	59	0.4
13.3	372.6	93.9	102	95	0.07
13.5	257.4	168.3	101.2	71	0.21
13.2	461	226.1	101.4	52	0.4
13.3	470.6	125.8	100.2	74	0.25
12.9	225.5	275.3	102.2	72	0.19
12.6	282.4	302.9	101.1	53	0.31
12.4	248.3	285	102.1	59	0.28
12.3	277.9	302.4	101.1	60	0.27
11.9	318.9	169.9	101.9	76	0.19
13	224.1	139.8	101.3	60	0.23
12.7	346.7	304	101.8	56	0.35
12.1	406.3	105.6	101.3	83	0.15
12.9	281.1	216.4	101.8	72	0.21
15.1	302.9	296.6	101.8	49	0.39
13.9	705.6	195.5	101	71	0.37
12.2	282.4	293.2	102.1	64	0.24
13.3	284.7	245.2	102	68	0.22
13.4	326.2	301	102.1	59	0.32
11	800.8	162.4	101.2	66	0.43
12.1	285.2	286.2	102.1	57	0.27
13	432.8	272.1	101.9	68	0.3
12.7	267.9	273.9	102.1	67	0.23
9.4	520.7	133.8	101.4	63	0.33
12.8	387.2	275.1	101.6	69	0.27
11.5	291.5	273	102.4	66	0.24
13.6	297.9	281	102.3	57	0.32
7.8	336.2	290.5	101.8	51	0.34
12.1	582.2	307.1	101.5	44	0.57
12.2	238.7	249.7	102.2	71	0.19
16.5	261	253.1	102.1	27	0.5
8.2	296.1	231.6	102.4	29	0.4
7.7	378.1	291.7	101.4	37	0.4
11.8	447.8	175.4	101.8	74	0.19
15.9	227.8	211	101.9	34	0.38
10.7	258.7	308.2	101.9	30	0.42
7.2	302.9	315.2	101.7	24	0.41
11.2	616.8	212.7	101.4	58	0.37
15.3	224.1	198.5	101.9	46	0.29
10.1	211.4	235.4	101.8	39	0.32
8.6	267.9	281.7	102.5	38	0.35
9.3	277	275.8	102	60	0.26
16.1	136.7	133.3	101.8	58	0.19
11.5	227.3	306.5	101.7	34	0.37
8.9	251.9	231.5	102.4	50	0.24
9.1	221.4	295.8	102.5	47	0.27
16.2	253.3	204.8	101.8	77	0.24
12	213.2	215.7	101.4	34	0.35
9.8	197.7	168.6	102.1	49	0.22
9.4	236.9	247.8	102	66	0.2
14	331.2	161.2	101.4	67	0.23
12.6	305.2	277.9	101	55	0.35
10.1	317.5	175.2	102	66	0.22
9.1	217.3	308.3	102.3	47	0.28
13.3	232.3	223.7	101.1	65	0.25
12.2	328.4	147.9	101.5	70	0.2
10.4	327.5	228.4	102.3	60	0.26
9.5	96.1	306.5	102.3	42	0.24
13	163.1	305.1	101.6	53	0.28
11.6	236.4	307.1	102.3	41	0.33
10.7	248.7	244.3	102.2	47	0.28
10.7	228.9	184.8	101.6	60	0.22
13.5	171.1	302.3	102.1	43	0.33
11.2	204.1	290.8	102.1	40	0.32