13.5	245.5	215.6	101.8	64	0.21	10187
10.9	250.1	263.5	102.2	30	0.37	10188
11.8	195.4	241.5	101.1	46	0.28	10189
13	272.4	269.7	101.8	59	0.31	10190
15	350.8	290.4	101.8	69	0.27	10287
11.7	194.5	205.9	102.1	28	0.35	10288
13	260.1	299.1	101.6	40	0.4	10289
12.6	392.2	216.7	101.3	69	0.25	10290
14.3	310.7	242.6	101.8	73	0.21	10387
13.1	169	136.8	102	46	0.26	10388
14	195	165.6	101.6	41	0.29	10389
11.8	216.4	261	102.2	65	0.22	10390
13.5	595.4	97.5	101	87	0.16	10487
14.5	178.1	238.9	101.9	46	0.29	10488
13.3	354.9	179	101.7	85	0.14	10489
11.9	276.1	315.3	102.3	39	0.38	10490
13.9	664.2	234.4	101.4	66	0.4	10587
13.4	415.9	128.7	101.7	82	0.18	10588
12.8	409.1	188.3	102.2	81	0.14	10589
12.3	260.1	302.2	102.2	40	0.37	10590
12.8	380.8	216.6	101.9	67	0.24	10687
13	291.1	286.5	101.9	72	0.22	10688
10.9	603.1	284.3	102	53	0.44	10689
13	124.8	310.3	102.4	35	0.32	10690
13.3	404.5	246	101.8	69	0.28	10787
11.3	281.5	218.8	102	78	0.14	10788
8.5	205.4	203.3	102.4	58	0.18	10789
12	182.7	279.6	102.5	52	0.26	10790
12	302.9	303.6	102.3	61	0.28	10887
12.2	263.8	279.8	102.1	70	0.21	10888
8.6	263.8	300.6	102.8	58	0.25	10889
13.2	212.3	289.3	101.9	62	0.22	10890
12.5	334.8	269.1	102.3	47	0.36	10987
12.6	275.1	309.1	102.1	73	0.21	10988
9.8	278.8	313.8	102.4	43	0.33	10989
14.7	216.4	291	101.8	56	0.26	10990
11.7	245.1	321.4	102	46	0.34	11087
15.4	249.2	270.2	101.9	47	0.33	11088
11.8	236.9	315.5	101.8	57	0.26	11089
14.5	233.7	269.8	101.8	79	0.18	11090
13.7	251.5	320.1	101.8	37	0.4	11187
13.9	262.8	237	101.6	80	0.2	11188
13.7	385.8	308.9	102	49	0.45	11189
15	279.7	274	101.7	68	0.24	11190
14.3	266.5	319.3	101.7	36	0.46	11287
13.1	306.6	313.2	101.8	64	0.33	11288
12.5	495.6	327.9	102.5	20	0.68	11289
15.2	320.2	273.7	101.7	72	0.27	11290
13.1	258.7	236.2	101.6	68	0.21	11387
13.2	280.2	295.2	102.2	45	0.37	11388
9.9	260.6	318.6	102.6	38	0.34	11389
15.6	493.4	147.7	101.8	85	0.17	11390
13.6	303.8	169.6	101.3	75	0.17	11487
14.7	185.4	332.7	102.1	33	0.42	11488
9.4	237.8	324.4	102.3	61	0.25	11489
14.5	359.9	224.9	101.7	79	0.2	11490
12.1	546.6	225.1	100.7	56	0.42	11587
13.9	253.7	166.5	101.6	61	0.24	11588
10.5	285.2	321.9	102.4	59	0.29	11589
12.7	304.8	125.7	101.7	78	0.16	11590
7.6	429.6	331.1	101.2	32	0.5	11687
13.1	307.5	218.4	101.6	71	0.23	11688
12.1	256.5	320.2	102.1	29	0.42	11689
12.8	364	167.4	101.6	74	0.22	11690
8.5	307	325	102	33	0.4	11787
13.7	255.6	331.9	101.8	28	0.46	11789
10.8	416.4	204.2	101.2	61	0.3	11790
10.8	348	314.4	102.3	53	0.35	11887
12.9	776.7	293.6	101.1	56	0.56	11888
14.8	250.5	335.9	101.8	31	0.46	11889
10.2	302.9	272.2	101.5	59	0.28	11890
11.8	348	297.7	101.5	62	0.3	11987
11.4	329.4	344	101.8	51	0.4	11988
16.6	262.8	315.9	101.6	27	0.53	11989
11.4	238.2	298.5	101.7	61	0.26	11990
13	486.1	349.6	102.1	20	0.72	12087
10.5	245.5	346.5	102.7	37	0.36	12088
16.5	216.8	189.1	101.6	31	0.41	12089
12.7	220.9	305	101.8	46	0.32	12090
11.1	307.5	324.1	102.3	34	0.44	12187
11.2	238.7	316.4	102.1	51	0.31	12188
17.5	275.6	146.1	101.3	32	0.43	12189
13	225	220.4	101.7	43	0.32	12190
12.1	346.2	263.6	101.7	50	0.33	12287
14.9	547.1	336.4	102.5	21	0.83	12288
13.8	285.2	313	101.3	61	0.3	12289
13.6	244.6	307.7	101.5	36	0.41	12290
13.2	247.4	239.6	101.4	72	0.18	12387
12.6	245.5	354.3	102.1	33	0.42	12388
12.6	397.7	195.4	101.4	69	0.22	12389
14.8	261.5	350.8	101.6	35	0.48	12390
13.1	305.2	328.6	101.9	72	0.23	12487
14.6	272	355.5	102	46	0.41	12488
12.6	301.6	175.2	101.3	78	0.16	12489
16.5	169.5	340.6	101.6	27	0.49	12490
14.3	251.5	354.1	102.1	66	0.28	12587
15.7	215.5	323.7	102	38	0.43	12588
12.1	313.9	326.3	101.6	74	0.23	12589
17.5	250.5	357.6	101.8	17	0.65	12590
16.5	278.8	349.5	101.9	43	0.42	12687
16.2	281.5	281.3	101.8	32	0.47	12688
12.4	258.7	344.6	101.7	40	0.39	12689
14.2	215.9	304.6	101.4	36	0.38	12690
15.7	254.2	177.7	101.6	57	0.28	12787
15.8	238.7	230.8	101.7	36	0.37	12788
12.3	348	321.8	102.1	66	0.33	12789
14.4	225	312	101.5	42	0.36	12790
15.5	362.2	304.4	101.7	77	0.28	12887
16.5	230	315.6	101.7	34	0.43	12888
11.4	277	273.9	102	68	0.22	12889
14.9	280.6	360.1	101.9	24	0.58	12890
13.8	291.5	325.3	101.7	71	0.26	12987
14.1	295.6	303.9	101.8	73	0.28	12988
11.2	274.7	357.6	101.8	75	0.22	12989
13.4	244.6	356.6	101.4	41	0.4	12990
13.6	376.7	257.8	101.4	67	0.28	13087
13.5	279.2	281.7	101.7	69	0.25	13088
14.2	278.3	354.5	101.7	40	0.4	13089
13.3	369.9	225.9	100.9	67	0.25	13090
13.6	292.5	362.3	101.7	70	0.3	13187
13.2	302	238.6	101.5	67	0.26	13188
14	227.8	345.6	101.6	34	0.41	13189
13.2	389	321.3	100.8	62	0.35	13190
14.3	262.8	359.7	101.6	60	0.32	20187
13.6	414.1	289.5	101.4	67	0.32	20188
12.2	276.5	335.2	101.6	69	0.3	20189
13.8	659.2	302.1	101.4	62	0.51	20190
13.5	290.2	329.7	101.3	67	0.27	20287
11.8	408.6	93.9	101.1	93	0.08	20288
12.3	389.9	152.2	102	81	0.2	20289
12.5	306.1	382.1	102.1	40	0.48	20290
13.8	306.1	227.9	101.3	77	0.18	20387
13.3	266	253.7	101.9	74	0.21	20388
12.8	399.5	300.7	102.2	67	0.29	20389
12.3	262.8	311.1	102.3	35	0.4	20390
14.7	384.5	384.6	101.6	75	0.32	20487
13.6	219.6	347.7	101.9	53	0.31	20488
12.5	622.3	161	101.7	90	0.19	20489
11	360.8	177.1	101.6	62	0.29	20490
17	285.2	375.6	101.9	38	0.51	20587
14	254.2	368.9	102.1	32	0.47	20588
9.8	603.6	244.5	101.8	50	0.45	20589
11.3	293.4	394.9	102	52	0.37	20590
19.6	454.6	382.9	101.8	25	0.85	20687
15.9	295.2	404.4	101.9	33	0.6	20688
8.7	413.2	321.2	102	19	0.53	20689
11.8	194.5	388.9	101.7	52	0.34	20690
21.1	415	217.5	101.6	20	0.81	20787
14.7	206.8	400.9	102	30	0.49	20788
10.3	311.1	176.3	102	33	0.4	20789
12.3	272	251.3	101.6	62	0.29	20790
18	256	259.5	101.4	35	0.49	20887
14.6	220.9	403.6	101.9	42	0.43	20888
13.6	384	191.9	101.8	33	0.51	20889
13	343	267.8	101.7	53	0.37	20890
16	291.1	211.2	101.4	70	0.25	20987
16	283.3	384.3	101.8	47	0.44	20988
13.2	306.1	151	102.3	88	0.17	20989
12.2	272.9	402	102.3	53	0.39	20990
16.6	272.4	268.4	101.5	81	0.19	21087
18.5	348	409	101.5	37	0.6	21088
13.4	391.3	314.9	102.6	84	0.2	21089
13.3	293.8	396.3	102.1	48	0.44	21090
16.3	358.1	293.2	101.9	80	0.24	21187
20.5	270.1	429.5	101.6	23	0.73	21188
11.4	267.4	339.3	102.3	73	0.24	21189
14.7	275.1	375.6	101.6	55	0.37	21190
15.9	448.7	263.3	102.1	78	0.26	21287
18.7	258.7	418.6	101.6	22	0.67	21288
11.2	345.3	297.1	101.8	64	0.29	21289
14.7	340.7	316.1	101.4	71	0.29	21290
15.7	406.3	209.2	102	76	0.21	21387
16.2	211.4	423	101.5	42	0.46	21388
10.1	371.7	271.2	101.6	68	0.24	21389
13.4	554.4	208	101.3	63	0.41	21390
16.1	329.4	381.5	101.7	74	0.3	21487
16.4	284.7	414.7	101.6	43	0.45	21488
10.3	338	426.5	101.9	63	0.33	21489
9.6	757.1	329.8	101.2	33	0.75	21490
13.7	279.2	167.7	101.4	84	0.14	21587
15.4	263.3	411.6	101.4	48	0.4	21588
11.3	357.1	416.5	102.5	66	0.32	21589
8.5	332.5	427.1	102	29	0.48	21590
14.3	442.8	424.4	101.6	55	0.5	21687
12.8	281.1	415.4	101.2	78	0.26	21688
11.2	327.5	414.2	102.4	70	0.29	21689
9.7	358.5	422.9	102.1	42	0.46	21690
13.7	231.4	409.9	101.7	52	0.36	21787
15.1	524.3	447.5	101.8	20	0.76	21788
12.3	318	413.4	102.1	65	0.31	21789
12.2	681	187.4	101.8	65	0.4	21790
13.4	317.1	393.1	101.3	59	0.4	21887
13.3	427.8	368.7	101.3	63	0.44	21888
11.7	348.5	304	101.7	80	0.2	21889
11.8	505.7	171.7	101.8	67	0.31	21890
13.7	378.1	418.7	101.4	36	0.53	21987
15	370.4	429.1	101.8	26	0.62	21988
13.3	334.4	259.2	101.6	77	0.22	21989
9.9	327.1	434.6	102.2	52	0.39	21990
13.7	378.6	421.6	101.7	29	0.58	22087
15.3	306.1	430.1	102.1	29	0.61	22088
13.8	397.2	385.1	101.8	75	0.3	22089
11.2	307.5	406.7	102.3	52	0.38	22090
13.2	353	467	101.7	41	0.52	22187
15.5	301.6	394.9	101.8	39	0.49	22188
16.9	367.6	416.9	102.1	39	0.56	22189
12.8	236	355.3	102	62	0.31	22190
11.7	347.6	314.7	101.2	72	0.27	22287
13.8	280.2	368.5	101.4	75	0.27	22288
18.6	308.9	355.5	102	26	0.63	22289
15.6	240.5	355.5	101.9	41	0.42	22290
11.2	579.9	207.9	100.5	68	0.31	22387
13.8	366.7	384.5	101.6	73	0.32	22388
18.4	240.5	383.1	101.6	36	0.55	22389
17.8	224.6	413.7	102	33	0.54	22390
9.9	562.6	223.6	100.5	71	0.27	22487
14.2	390.9	400.4	101.8	76	0.3	22488
18.4	282.9	360.3	101.7	48	0.49	22489
17.1	184.5	362.5	101.9	37	0.42	22490
9.9	495.2	346.3	100.7	68	0.3	22587
16	353.5	369.9	101.5	63	0.39	22588
18.6	303.4	368.6	101.9	37	0.53	22589
16.6	206.8	298.8	101.8	50	0.36	22590
11.1	439.1	370.9	101.2	58	0.38	22687
16.6	354.9	282.9	101.4	70	0.32	22688
17.2	323.9	457.2	101.8	52	0.52	22689
13.9	236.9	396.8	101.8	74	0.26	22690
12.1	291.5	460.3	101.9	61	0.39	22787
17.9	544.4	292.1	101.7	68	0.39	22788
14.7	310.2	392	101.1	74	0.3	22789
14	303.4	464.8	101.9	71	0.36	22790
12.3	328	413.1	101.9	61	0.35	22887
16.5	379.9	319	101.9	85	0.23	22888
14.4	415	375	101.2	72	0.35	22889
13.6	388.6	388.1	102	74	0.36	22890
15.9	539.8	289.2	101.9	76	0.29	22988
12.6	316.1	440.9	101.6	73	0.32	30187
14.4	424.1	272.6	101.7	81	0.21	30188
13.6	338.5	379.7	101.5	66	0.34	30189
14.1	329.8	252.6	101.9	66	0.3	30190
13.6	315.2	417.2	101.8	63	0.35	30287
13.7	376.3	466.7	101.4	70	0.37	30288
13.2	653.7	172.3	101.1	84	0.22	30289
14.7	319.8	305.2	101.9	62	0.35	30290
15.5	214.6	461	101.9	53	0.4	30387
14.1	355.3	405.9	101.7	77	0.29	30388
11.9	594.9	348.1	101	58	0.45	30389
15.3	368.5	378	101.8	70	0.41	30390
19.4	270.1	344.5	101.6	30	0.59	30487
14.7	395.9	337.5	101.9	74	0.3	30488
11.9	347.1	439.1	101.9	46	0.45	30489
14.4	460.6	202.5	101.6	62	0.39	30490
17.7	451.4	214.4	101.5	52	0.48	30587
15.3	345.3	363.9	102	77	0.3	30588
13.6	364.4	461	102.1	56	0.46	30589
13.1	635.9	383.2	101.7	50	0.6	30590
15.1	248.3	138.6	101.5	89	0.11	30687
14.5	342.1	332.2	101.7	77	0.28	30688
15.8	350.8	499.8	101.4	49	0.53	30689
12.8	346.2	502.6	101.8	53	0.5	30690
14.7	374	259	101.6	86	0.18	30787
15.2	372.2	430.9	101.6	66	0.42	30788
17.9	328.9	476.5	101.1	52	0.53	30789
14	230.5	448.8	101.6	61	0.36	30790
14.8	349.4	358.6	101.6	77	0.28	30887
15.4	425.5	519.2	102.1	69	0.43	30888
13.9	402.2	434.3	101.4	82	0.28	30889
13.9	345.8	326.6	101.3	63	0.36	30890
14.8	305.7	253.5	101.7	75	0.22	30987
13.9	339.4	359.8	102.1	81	0.24	30988
14.9	348.5	467.9	101.9	71	0.38	30989
13.6	342.6	221.2	101.3	57	0.33	30990
14.2	343	350.4	101.9	75	0.27	31087
14.2	414.1	515.9	101.4	48	0.56	31088
14.6	451.9	424.2	101.9	75	0.35	31089
14	433.7	293.9	101.4	61	0.39	31090
15.7	436.4	494.4	102.1	70	0.46	31187
14	446.9	516.9	101.4	47	0.61	31188
15.3	483.8	410	102	78	0.34	31189
12.6	676.9	315	101.5	57	0.49	31190
15.1	435	269.5	101.9	80	0.28	31287
14.6	365.8	535	101.8	27	0.71	31288
15.3	324.8	425.1	101.9	83	0.28	31289
12.3	631.4	449.8	101.8	51	0.61	31290
15.4	395	461	101.9	67	0.43	31387
15.2	383.6	525.5	101.9	25	0.78	31388
14.4	335.3	466	101.8	79	0.34	31389
11.7	352.1	435.3	102.1	48	0.46	31390
14.9	495.2	404	101.4	69	0.43	31487
15.2	292.5	516.6	101.4	30	0.6	31488
14.8	368.5	489	101.4	69	0.42	31489
12.6	311.6	504.2	102	48	0.5	31490
14.1	399.5	389.9	101.4	57	0.44	31588
14.1	377.6	479.2	101.4	77	0.35	31589
15.1	298.8	543.3	101.5	41	0.61	31590
14.1	349.9	496.6	101.2	59	0.47	31687
14.7	453.7	435.3	101.8	60	0.48	31688
14.2	399.5	349.7	101.7	70	0.34	31689
17.6	298.4	401.3	101.8	27	0.63	31690
14	273.3	547.8	101.5	62	0.44	31787
15.2	362.2	543.8	102.2	60	0.54	31788
14.8	475.6	547.4	101.8	67	0.52	31789
16.4	312	542.7	101.6	43	0.62	31790
14	345.3	336.7	101.2	74	0.28	31887
16.5	281.5	571.1	102.2	42	0.65	31888
15.2	345.3	495.1	101.8	63	0.44	31889
14.9	340.7	538.4	101.5	64	0.44	31890
14	687	466.9	101.2	56	0.62	31987
19.6	308.9	571.2	101.7	24	0.87	31988
15.7	298.4	512	101.7	67	0.42	31989
14.6	349.4	440.6	101.7	76	0.31	31990
13.2	411.4	520.6	101.5	60	0.52	32087
19.4	175.8	510	101.6	21	0.69	32088
17.4	369	527.2	101.5	71	0.49	32089
17	306.1	311.7	101.6	65	0.31	32090
12.8	629.1	333.7	101.3	65	0.46	32187
16.5	270.1	529.2	101.7	55	0.53	32188
19	351.2	538.3	101.7	26	0.78	32189
18.2	262.8	542.7	101.5	50	0.53	32190
12.7	637.3	456.1	101.5	54	0.6	32287
15.7	351.7	506.5	101.8	70	0.42	32288
16	293.4	560.4	101.3	53	0.55	32289
14.6	335.7	477.5	101.5	78	0.33	32290
12.7	384.9	469.5	101.6	65	0.41	32387
16.2	319.3	560	101.7	72	0.46	32388
14.6	441	391.6	101.5	71	0.38	32389
14.6	336.6	494.8	101.5	74	0.38	32390
13.8	407.3	501.1	101.1	61	0.49	32487
18.8	375.8	584.9	101.3	56	0.64	32488
14.9	365.3	405.1	101.8	67	0.39	32489
14.1	301.1	256.8	101.4	78	0.22	32490
14.7	236.9	587.7	101.3	55	0.54	32587
23.7	326.6	560.1	101.4	22	0.97	32588
14.3	565.3	174.5	101.4	95	0.17	32589
15.4	335.3	415.3	101.7	65	0.41	32590
15.4	237.3	589	101.8	57	0.52	32687
24	284.7	588	101.1	26	0.96	32688
13.4	610.9	441.8	101.2	60	0.55	32689
14.9	370.4	294.8	101.5	76	0.28	32690
14.6	347.6	513.8	101.6	71	0.43	32787
18.5	431.4	538.9	100.9	71	0.57	32788
14.1	376.7	552.2	101.7	63	0.51	32789
14.6	420.9	284.5	101.6	63	0.38	32790
15.2	313	572.1	101.4	65	0.49	32887
17.8	436.9	574.2	101.3	72	0.54	32888
15.7	316.6	578.6	102	63	0.52	32889
13	426.4	202.6	101.4	80	0.24	32890
17.4	314.8	559.6	101.6	34	0.7	32987
18.6	315.2	584.3	101.5	32	0.8	32988
15.9	373.5	551.1	101.9	78	0.44	32989
14	312	342.4	101.4	70	0.3	32990
18.1	331.6	560.7	101.8	18	0.89	33087
15.8	355.8	476.2	101	66	0.51	33088
16.9	374	561.5	101.7	73	0.49	33089
14.1	337.6	298.7	101.3	68	0.31	33090
17.7	264.2	601.2	101.3	20	0.79	33187
17.4	404.1	561.5	101.2	38	0.71	33188
18.8	326.2	577.7	101.4	58	0.6	33189
14.6	327.5	378.9	101.4	70	0.34	33190
16.9	375.8	585.4	101.6	44	0.72	40187
18.2	326.6	587.3	101.6	26	0.81	40188
17.3	358.5	574.3	101.5	68	0.54	40189
14.9	326.6	249.7	101.5	69	0.28	40190
14.9	395.9	444.7	101.6	70	0.43	40287
17.1	307.5	613.6	101.5	40	0.7	40288
16.8	343.9	571.6	101.6	66	0.52	40289
16.1	376.7	549.9	101.7	69	0.5	40290
14.3	616.8	441.6	101.2	65	0.45	40387
16.6	271	618.8	101.3	54	0.62	40388
17.6	401.8	555	101.5	68	0.54	40389
18.1	278.3	430.1	101.4	53	0.45	40390
13.9	372.2	552	101.4	69	0.46	40487
16	378.1	553.7	101.4	68	0.52	40488
23.6	320.2	611.7	101.4	42	0.89	40489
17.1	395.9	504.9	101.3	83	0.41	40490
14.8	335.7	572.2	101.7	68	0.48	40587
17.7	315.2	591.3	101.6	68	0.53	40588
27.1	395.9	619.9	101.4	20	1.28	40589
17.2	399.1	418.1	101.5	77	0.36	40590
15.9	378.6	598.4	101.5	70	0.54	40687
19.4	388.1	609.5	101.4	62	0.67	40688
27.3	303.8	632.9	101.4	19	1.19	40689
15.9	446	283.7	101.6	79	0.28	40690
18	332.5	575	101.4	59	0.61	40787
18	299.7	527.7	101.2	72	0.47	40788
24.7	251.5	612	101.3	27	0.95	40789
16	398.1	337.9	101.6	74	0.34	40790
19.7	289.3	629.9	101.4	49	0.77	40887
17.1	342.1	589.4	101.2	75	0.49	40888
20.3	307.9	586.7	101	55	0.68	40889
16.4	427.8	524	101.8	67	0.51	40890
19.7	305.7	627.3	101.5	34	0.78	40987
17.7	338.9	545.6	101.4	78	0.45	40988
17.2	394.5	520.8	101.2	74	0.47	40989
16.4	359.9	615.8	101.9	68	0.55	40990
16.3	356.7	609.7	101.5	74	0.5	41087
19.6	343	529.9	101.4	59	0.55	41088
17.6	370.8	543.4	101.3	69	0.53	41089
17.8	286.1	546.9	101.9	69	0.48	41090
15.5	435	289.8	101.1	73	0.33	41187
18.6	410.4	537.4	101.2	68	0.52	41188
16.5	389.5	286.8	101.1	81	0.28	41189
18.5	294.3	629.8	101.4	65	0.58	41190
16	436	542.1	101.2	65	0.55	41287
18.4	395	485.7	101.2	71	0.45	41288
16.4	423.7	285.4	101.1	75	0.32	41289
18.1	356.7	589.9	101.1	70	0.53	41290
17.7	307.9	614.5	101.5	68	0.56	41387
17.6	408.6	416.9	101.2	74	0.4	41388
17.3	345.8	405.7	101.4	66	0.44	41389
16.3	375.4	480.2	101.5	76	0.4	41390
20	407.3	607.2	101.4	43	0.78	41487
15.3	543.9	285	101.2	74	0.32	41488
17.7	415.5	440.7	101.6	73	0.45	41489
16.6	369.4	585.2	101.7	68	0.55	41490
18.7	355.3	580.9	101.4	61	0.6	41587
13.7	500.6	372.4	101.2	64	0.42	41588
17.2	460.1	451.8	101.4	73	0.45	41589
17	366.3	514.4	101.4	61	0.56	41590
16.5	340.3	554.9	101.4	78	0.43	41687
15.8	404.5	526.1	101.6	66	0.51	41688
17.5	415	408.3	101.4	68	0.46	41689
17.1	648.2	425.8	101.1	63	0.58	41690
15.2	319.3	294.7	101.2	75	0.27	41787
15.6	480.6	293.6	101.9	75	0.35	41788
17.5	458.7	485.8	101.6	66	0.55	41789
16.4	529.3	432.5	101.1	79	0.42	41790
15.5	474.2	407	101.1	67	0.46	41887
15.8	431.9	411.6	101.8	78	0.37	41888
17.5	411.8	503.4	101.5	72	0.49	41889
17	363.5	548.2	101.4	73	0.5	41890
16.5	405.9	636.1	101.4	59	0.68	41987
16.9	470.6	546.8	101.4	70	0.53	41988
17.2	358.5	513.2	101.3	74	0.45	41989
16.8	430.5	316.8	101.6	74	0.36	41990
19.1	364	682.2	101.6	40	0.88	42087
14.2	492.4	245.2	101	88	0.19	42088
17.7	361.2	511.1	101.3	72	0.47	42089
16.8	387.2	342.9	101.6	74	0.35	42090
22.5	362.2	669.4	101.4	21	1.14	42187
14.2	524.3	326.6	100.5	74	0.32	42188
17.8	454.6	431.6	101.3	73	0.44	42189
16.7	365.3	369	101.5	72	0.38	42190
21.8	366.7	656.8	101.2	27	1.03	42287
15.2	400.4	520.3	101.4	69	0.47	42288
17	462.4	555.7	101.3	63	0.62	42289
16.6	368.1	451.4	101.4	59	0.52	42290
18.1	362.2	605.7	101.5	69	0.58	42387
14.9	472.9	392.6	101.7	69	0.44	42388
16.5	512.5	603.3	101.4	62	0.69	42389
16.4	516.1	359.3	101.2	74	0.37	42390
17.5	322.5	631.9	101.4	67	0.58	42487
15.2	407.3	637.6	102	61	0.6	42488
15.4	509.3	458.5	101.5	54	0.62	42489
16.3	502.5	478	101.1	69	0.53	42490
16.5	354	455.6	101.5	73	0.41	42587
16.4	390.9	682.5	101.5	70	0.6	42588
14.9	461	611.2	101.6	51	0.71	42589
17.1	361.2	685	101.3	64	0.66	42590
16.4	307	313.6	101.7	76	0.3	42687
16.3	423.7	627.4	101.2	77	0.52	42688
15.2	487	617.2	101.9	61	0.65	42689
17.5	349.4	586.5	101.2	76	0.49	42690
16.2	377.6	307.6	101.5	83	0.26	42787
16.1	389.5	382.1	101.2	71	0.39	42788
15.6	415	684.5	101.6	62	0.66	42789
17.7	326.2	630.5	101.3	74	0.55	42790
16.5	287.4	309.7	101.5	81	0.25	42887
16.8	411.8	454.9	101.6	59	0.54	42888
16.7	341.2	607.4	101.4	61	0.58	42889
17.5	404.5	604.4	101.2	69	0.6	42890
16.5	362.6	274.4	101.4	77	0.28	42987
16.8	335.7	689.6	101.8	65	0.65	42988
17.3	353.5	617.1	101.4	67	0.57	42989
16.9	599.9	290.5	101	73	0.42	42990
17.5	433.7	577.7	101.6	64	0.62	43087
16.6	638.7	558	101.6	67	0.65	43088
17.5	451	638.1	101.6	64	0.67	43089
14.8	492.4	347.9	101.1	55	0.5	43090
17.1	463.3	542.6	101.6	65	0.58	50187
15.9	669.6	652.3	101.8	44	0.98	50188
16.9	430.9	608.9	101.6	74	0.54	50189
16	389.5	646.5	101.1	62	0.64	50190
17.7	436.4	714.7	101.8	36	0.97	50288
17.3	323.9	671.6	101.5	70	0.59	50289
16.1	417.3	582.4	101.3	65	0.57	50290
18.6	403.6	695.6	101.3	60	0.74	50387
17.7	287.9	715.2	101.3	50	0.76	50388
17.3	369	612.9	101.4	74	0.52	50389
17	372.2	688.6	101.4	66	0.67	50390
20.4	345.8	707.9	101.2	56	0.78	50487
16.1	410.9	613.2	101.3	72	0.56	50488
17.5	350.3	459.5	101.2	77	0.39	50489
18.6	422.3	665.7	101.4	75	0.63	50490
19	390.4	684.9	101.2	77	0.62	50587
14.5	596.8	562	101.8	55	0.69	50588
17.5	353	529	101.3	77	0.45	50589
21.5	392.7	673.9	101.1	59	0.83	50590
18.4	367.6	559.2	101.2	74	0.51	50687
14.5	573.1	638.9	102.1	56	0.73	50688
17.6	337.6	584	101.6	73	0.52	50689
22.7	298.8	674.5	100.9	49	0.83	50690
17.6	354.9	323	101.2	80	0.29	50787
14.9	462.8	537.9	101.9	68	0.52	50788
17.9	431.9	614.5	101.6	75	0.57	50789
17.4	415.9	480.2	101	77	0.42	50790
18.2	371.3	442	101.2	77	0.4	50887
15.5	509.8	660.6	101.9	66	0.64	50888
17.7	438.7	559.8	101.2	74	0.53	50889
16.1	393.1	672.7	101.3	66	0.65	50890
18.1	445.5	286.9	101.3	82	0.28	50987
16.8	428.2	703.6	101.7	63	0.71	50988
17.9	668.3	488.9	101.3	76	0.56	50989
16.8	369.4	604.3	101.5	63	0.62	50990
17.5	337.1	348.1	101.1	83	0.28	51087
20	384.5	717.1	101.7	57	0.84	51088
16.4	656.4	483.5	101.6	60	0.67	51089
16.7	538	375.1	101.4	54	0.6	51090
18.3	355.3	466.6	101.1	79	0.41	51187
20.2	339.4	690.2	101.5	64	0.72	51188
15.7	629.6	374.1	101.6	61	0.57	51189
16.7	443.7	437.5	101.3	64	0.52	51190
18.9	401.3	442.8	101	79	0.4	51287
19.9	328.4	711	101.4	65	0.71	51288
16.4	462.8	545.6	101.5	62	0.61	51289
16.9	339.4	511.2	101.4	65	0.51	51290
17.6	361.2	308.1	101.2	84	0.25	51387
17.8	347.1	704.1	101.4	78	0.6	51388
16.1	477.4	368.9	101.3	67	0.47	51389
17.3	436.4	550	101.3	64	0.61	51390
17.5	326.6	333.4	101.2	81	0.29	51487
15.8	364.4	531.6	101.2	84	0.36	51488
16	424.1	350.3	101.2	67	0.41	51489
17.1	405.9	392.7	101.3	63	0.48	51490
17.4	386.8	251	101.4	84	0.23	51587
16.2	344.4	473.2	101.4	84	0.33	51588
16	387.2	299.1	101	67	0.38	51589
16.7	414.5	595.7	101.5	64	0.62	51590
18.4	376.7	477.6	101.3	73	0.47	51687
17.4	361.2	488	101.4	75	0.45	51688
17.1	366.7	531.2	101.2	68	0.53	51689
17.2	357.1	534.5	101.5	69	0.5	51690
18.6	470.1	402.6	101.1	73	0.46	51787
16.5	432.8	298.6	101.1	77	0.32	51788
16.5	384.5	324.8	101.6	76	0.34	51789
17.6	357.6	604.6	101.5	64	0.63	51790
17.4	420.5	533.1	101.3	62	0.61	51887
17.5	376.3	595.1	101	67	0.58	51888
17.5	393.6	556.6	101.6	68	0.57	51889
16.8	373.5	619.5	101.5	64	0.64	51890
16.8	432.3	413.8	101.3	60	0.53	51987
18.9	370.8	701.2	101	68	0.69	51988
18.4	400.4	676.7	101.5	65	0.71	51989
15.8	482.4	360.6	101.5	60	0.49	51990
17.2	469.2	476.8	101.3	53	0.63	52087
19.3	425	679.7	101.2	73	0.66	52088
17.9	445.5	660.4	101.6	74	0.62	52089
17.4	406.8	678.8	101.7	60	0.73	52090
17.2	438.2	611.5	101.6	60	0.68	52187
18.8	355.3	642.5	101.3	75	0.57	52188
18.2	405.4	639.4	101.4	72	0.61	52189
18.4	395.4	592.7	101.6	69	0.6	52190
17.3	463.7	650.7	101.6	66	0.69	52287
19.2	345.3	525.6	101.1	77	0.46	52288
17.8	391.3	620.7	101.5	69	0.58	52289
19.9	454.2	642.4	101.4	68	0.72	52290
17.5	528	539.3	101.6	62	0.66	52387
17.4	385.4	514.4	101.1	80	0.43	52388
18.3	500.6	629.8	101.6	65	0.69	52389
18.4	482.9	433	101.1	75	0.46	52390
17	495.6	341.2	101.5	66	0.48	52487
17.1	397.2	546.9	101.3	71	0.52	52488
17.7	393.6	712	101.5	64	0.74	52489
17.9	416.4	623.3	101.2	66	0.62	52490
16.2	720.7	313.2	101.2	58	0.6	52587
17.6	316.1	479.2	101.5	75	0.43	52588
17.2	436.9	646.5	101.3	69	0.64	52589
17.1	377.6	660.1	101.3	70	0.63	52590
16	586.7	361.4	101.4	62	0.53	52687
18.1	400.9	681.6	101.5	70	0.68	52688
17.4	383.6	718.4	101.2	69	0.68	52689
17.3	374.5	654.6	101.5	63	0.67	52690
16.6	453.7	608.3	101.4	62	0.66	52787
17.6	375.4	620.3	101.3	66	0.64	52788
16.7	434.1	542.2	101.4	71	0.53	52789
17.4	385.8	473.2	101.2	65	0.51	52790
16.8	380.8	336.1	101.5	68	0.38	52887
17.8	484.2	479.8	101.2	73	0.51	52888
16.9	406.3	560.2	101.4	68	0.57	52889
16.2	631.4	311	100.9	83	0.33	52890
17.2	368.1	375.9	101.4	69	0.41	52987
16.3	838.2	500.1	100.9	58	0.75	52988
17.3	446.9	615.3	101.5	69	0.63	52989
16.8	404.1	605.2	101.5	67	0.61	52990
17.6	374.9	610.5	101.3	70	0.58	53087
16.7	399.5	665.7	101.2	63	0.68	53088
17.2	404.5	653.7	101.5	64	0.67	53089
17.3	418.2	538.7	101.5	72	0.53	53090
18.1	317.5	696.6	101.2	73	0.63	53187
17.8	384	688.6	101.5	55	0.74	53188
16.9	380.8	557	101.4	75	0.49	53189
17.3	465.1	591.6	101.5	65	0.64	53190
18.8	389.5	669.1	101.2	72	0.64	60187
18.8	373.5	666.1	101.5	59	0.71	60188
16.3	390.4	369.3	101.6	75	0.35	60189
17.6	436.9	725.4	101.4	62	0.79	60190
18.2	342.1	700.4	101.4	72	0.64	60287
19.3	379.9	696.8	101.3	68	0.68	60288
16.5	362.2	346	101.6	75	0.34	60289
19.9	363.5	690.5	101.4	59	0.77	60290
18.4	449.2	629.7	101.4	77	0.59	60387
20	315.2	700.5	101.2	67	0.69	60388
16.5	422.7	332.8	101.3	73	0.37	60389
21.3	346.7	693.6	101.3	58	0.78	60390
18.7	412.3	528	101.3	75	0.49	60487
17.9	439.6	538.7	101.2	73	0.54	60488
17.3	445.5	491.9	101.3	64	0.56	60489
21.2	315.7	720	101	64	0.76	60490
19	409.1	511.4	101.1	77	0.48	60587
16.2	477.4	534	101.3	61	0.61	60588
17.8	401.8	680.9	101.6	60	0.75	60589
18.4	511.6	639.3	101	77	0.61	60590
18.1	506.6	361.8	101.3	79	0.38	60687
15.9	500.2	632.2	101.7	57	0.71	60688
18	484.7	478.4	101.5	70	0.53	60689
19.1	386.8	687.8	101.2	72	0.67	60690
18.4	387.2	336.8	101.3	76	0.36	60787
16.2	536.2	726.4	101.8	61	0.79	60788
19.4	364	520	101.1	76	0.47	60790
18.2	425.9	345.6	101.3	79	0.36	60887
17	425	681.6	101.6	59	0.72	60888
16.4	313	309.6	101.2	84	0.24	60889
20.1	331.6	504.6	101	79	0.47	60890
17.5	333.9	334.4	101.1	83	0.28	60987
17.2	366.7	743.2	101.4	68	0.69	60988
16.6	398.6	294.9	101.1	82	0.27	60989
20.9	342.6	401.1	101	82	0.38	60990
17	332.5	328.4	101.1	81	0.28	61087
17.3	379	704.8	101.5	72	0.64	61088
16.7	395.9	311.8	101.4	78	0.3	61089
20.2	353	388.3	101.4	86	0.32	61090
16.8	346.7	336.7	101.2	79	0.3	61187
16.7	426.4	607.7	101.6	68	0.59	61188
17.5	432.8	353.3	101.5	79	0.35	61189
19.8	398.1	452.9	101.4	83	0.41	61190
17.6	369	337.2	101.6	79	0.32	61287
16.7	392.2	559.1	101.3	69	0.55	61288
17.6	389	522	101.4	76	0.47	61289
18.1	417.7	634.7	101.4	72	0.63	61290
16.8	379	599.5	101.2	76	0.52	61388
17.3	383.1	509.1	101.2	79	0.42	61389
17.7	613.6	400	101.2	69	0.54	61390
18	481.1	562.9	101.5	68	0.6	61487
17.1	375.8	350	101.4	81	0.3	61488
17.9	370.8	593.8	101	79	0.49	61489
17.5	471.5	634	101.5	58	0.75	61490
18.6	502.9	717.8	101.5	66	0.79	61587
17.2	378.1	320.9	101.5	82	0.27	61588
17.7	365.8	338.5	101.3	81	0.29	61589
17.6	425.5	635.3	101.5	56	0.74	61590
18.6	535.3	717.5	101.4	71	0.76	61687
17.5	512	615.6	101.4	71	0.63	61688
18.3	361.2	592.9	101.3	75	0.53	61689
18.4	376.3	652.5	101.3	66	0.68	61690
18.4	379.9	693.6	101.4	70	0.69	61787
17.4	379	375.9	101.1	70	0.4	61788
19	343.9	668.4	101.2	73	0.62	61789
18	333.5	324.8	101.4	74	0.34	61790
18	384.9	692.8	101.6	68	0.69	61887
17.4	359.9	461.1	101	73	0.44	61888
19.2	358.1	618.9	101.1	76	0.56	61889
18.6	436.9	639.3	101.5	72	0.63	61890
18.2	377.6	659.9	101.4	67	0.66	61987
17.4	370.8	339.4	101.2	77	0.34	61988
21.4	433.2	551.1	101	70	0.63	61989
19.1	384	661.6	101.2	73	0.63	61990
17.7	401.8	580.7	101.3	68	0.6	62087
18.4	405	488.4	101.4	67	0.53	62088
21.2	370.4	680.7	100.9	69	0.72	62089
18.8	307.9	618.2	101	76	0.54	62090
18	394.5	531.6	101.1	70	0.54	62187
18.4	500.6	687.1	101.3	71	0.71	62188
19.1	430.5	687.2	100.8	78	0.63	62189
19.1	362.2	673.3	101.1	75	0.64	62190
18.4	405.9	655.5	101	72	0.65	62287
18.5	475.6	537.8	101.1	75	0.53	62288
18.4	389	669.6	100.8	74	0.62	62289
19.5	465.6	599.7	101.2		0.6	62290
17.3	396.3	327.1	101.2	81	0.3	62387
18.3	331.2	567.3	101.2	74	0.52	62388
17.9	466.9	566.8	101	68	0.62	62389
20.1	444.6	666.6	101.1	73	0.68	62390
18.4	345.8	578.4	101.4	75	0.52	62487
18.6	402.2	650	101.2	67	0.68	62488
19.3	409.1	460.1	101.4	63	0.56	62489
21.5	445.1	727.8	101.2	68	0.83	62490
18.2	367.2	611.3	101.3	75	0.56	62587
19.2	402.2	682.5	101.3	67	0.72	62588
19.9	494.3	636.5	101.4	63	0.75	62589
22.5	441.9	705.5	101.1	64	0.85	62590
18	401.3	328.8	101.5	77	0.33	62687
20.2	425.5	726.3	101.1	70	0.75	62688
19.5	502	710.5	101.2	71	0.75	62689
25.7	451	686.6	100.9	47	1.11	62690
18.8	488.3	630.4	101.5	74	0.64	62787
18.3	438.7	603.8	100.9	83	0.49	62788
19.6	523.9	652.5	101.2	75	0.67	62789
26	351.2	735.6	100.8	41	1.14	62790
18.6	426.4	653.9	101.4	68	0.68	62887
18.3	498.4	409	100.9	82	0.37	62888
19.6	550.3	684.9	101.5	71	0.76	62889
21.1	342.6	728.1	100.7	71	0.75	62890
18.9	449.2	667.6	101.3	63	0.76	62987
19.1	378.1	493.8	101	80	0.44	62988
19.1	531.2	698.2	101.7	68	0.77	62989
19	531.6	508.4	101.1	78	0.5	62990
18.6	440.5	581.7	101.4	63	0.67	63087
19	323	301.3	101	82	0.27	63088
19.6	405	722.1	101.4	71	0.73	63089
21.3	343	627.8	101.3	70	0.65	63090
19	467.8	574.6	101.5	67	0.64	70187
19.1	334.8	356.5	101	78	0.33	70188
19.4	355.3	658.4	101.3	71	0.63	70189
21.5	406.8	704	101.2	75	0.72	70190
18.8	472.4	639.2	101.4	70	0.68	70287
18.6	339.4	515.7	101.2	77	0.46	70288
19.3	320.2	660.9	101.3	70	0.62	70289
21.6	386.3	692.6	101.1	71	0.73	70290
18.3	397.7	617	101.2	72	0.6	70387
18.7	352.1	638.7	101.1	73	0.6	70388
20	358.1	699.5	101.2	74	0.67	70389
21	400	719.4	101.1	70	0.75	70390
18	396.3	634.7	101.2	69	0.63	70487
18.7	384.5	663.6	101.1	69	0.66	70488
21.9	435.5	728.7	101	66	0.82	70489
21.4	472.4	718.1	101.3	70	0.81	70490
17.8	373.5	601.2	101.3	71	0.58	70587
19.9	378.6	685.4	101.2	69	0.71	70588
19.6	419.1	535.8	101.2	80	0.48	70589
21.8	380.8	696.2	101.2	66	0.77	70590
18.2	381.3	583.4	101.3	69	0.58	70687
20.4	338.5	697.8	101.1	72	0.67	70688
19.3	480.1	602.4	101.3	80	0.54	70689
20.9	364.9	691.3	101	73	0.7	70690
17.8	403.2	467	101.2	75	0.46	70787
20.8	361.2	690.6	101.3	74	0.68	70788
20	400.9	583.2	101.5	77	0.56	70789
18.5	549.4	374.6	101	76	0.43	70790
17.9	486.5	340.9	101	77	0.37	70887
20.1	389	690.2	101.3	74	0.67	70888
20.4	366.7	632	101.4	73	0.64	70889
18.9	378.1	523.7	101.3	72	0.53	70890
18.5	465.6	478.9	101	74	0.5	70987
19.5	359.9	617	101.1	75	0.58	70988
20.3	378.1	612	101.2	72	0.62	70989
20.8	472.9	629.8	101.3	69	0.71	70990
18.4	390.9	444.3	101.2	73	0.45	71087
18.8	373.5	477.5	101.1	75	0.45	71088
20.2	433.7	493.1	101.3	72	0.54	71089
22.8	402.7	447.4	101.2	68	0.55	71090
19.4	392.7	660.6	101.3	64	0.72	71187
19.5	381.3	639.8	101.5	70	0.65	71188
20.1	406.8	483.6	101.6	72	0.52	71189
24.3	369.4	612.6	101.2	63	0.75	71190
19.9	532.5	663.8	101.4	68	0.76	71287
20.2	362.6	681.8	101.5	69	0.7	71288
20.8	516.6	628.5	101.6	74	0.68	71289
23.5	350.3	596.1	101.3	67	0.67	71290
19.5	492.9	654.4	101.3	75	0.66	71387
19.6	355.3	584.1	101.4	72	0.58	71388
19.9	471.9	648.8	101.4	76	0.63	71389
23.7	351.7	455	101.4	73	0.52	71390
18.9	438.2	472	101.1	78	0.46	71487
19.7	365.8	600.1	101.3	71	0.61	71488
20.5	373.5	712.9	101.1	71	0.71	71489
23.2	387.7	652.4	101	75	0.7	71490
18.5	359	318.1	101.1	80	0.3	71587
20.1	330.3	435.6	101.2	73	0.44	71588
19.5	429.1	546.4	101.5	75	0.53	71589
21.5	387.2	521	101	75	0.54	71590
18	467.8	329	101.1	78	0.35	71687
20.9	329.8	619.9	101.1	73	0.61	71688
19.7	375.8	624.8	101.6	71	0.62	71689
22.6	380.4	638.9	101.3	69	0.72	71690
17.8	401.8	263	101.3	84	0.25	71787
21	333.5	574.1	101.4	80	0.52	71788
19.7	381.7	672	101.5	72	0.67	71789
23.1	466.5	695.2	101.4	72	0.8	71790
19.2	354.4	670.2	101.4	63	0.71	71887
21	372.6	573.8	101.4	75	0.58	71888
20.3	388.1	686.3	101.4	71	0.71	71889
23.2	442.8	679.4	101.2	71	0.77	71890
19.3	369	710.4	101.2	68	0.71	71987
21.3	369	659.6	101.3	69	0.7	71988
21	345.3	622	101.1	73	0.61	71989
23.6	397.7	712.5	100.9	69	0.81	71990
19.1	424.1	303.4	101.2	74	0.36	72087
21.9	390.4	562.4	101.5	73	0.6	72088
21.2	359.9	533	101	80	0.49	72089
22.2	375.8	634.7	101.1	74	0.66	72090
18.8	512	649.6	101.5	64	0.74	72187
23.5	395.9	335.2	101.6	76	0.4	72188
21.4	363.5	486.8	101.1	79	0.46	72189
21.9	366.7	659.8	101.3	75	0.68	72190
19.3	441	676	101.5	66	0.73	72287
23.7	415	654.8	101.4	70	0.74	72288
21.6	398.1	650.4	101.4	73	0.69	72289
22	365.8	587.5	101.2	75	0.6	72290
19.3	468.3	659.6	101.2	71	0.69	72387
23.2	433.2	666.6	101.3	75	0.72	72388
21.7	497.9	699.6	101.6	75	0.76	72389
22	387.2	544.6	101.1	76	0.56	72390
19.1	444.6	539.6	101.1	71	0.56	72487
22.9	490.6	647.5	101.5	74	0.72	72488
20.6	482.4	513.3	101.4	75	0.55	72489
20.5	403.6	472.1	101.1	73	0.51	72490
18.9	332.1	623.3	101	73	0.57	72587
22.3	428.7	670	101.5	78	0.69	72588
20.6	363.5	601.7	101.2	73	0.6	72589
21	374.9	674	101.3	65	0.76	72590
19.2	320.2	595.5	100.9	75	0.53	72687
21.5	367.2	540.8	101.4	81	0.51	72688
20.5	341.2	626.9	101.2	74	0.61	72689
21.4	351.7	660.6	101.5	66	0.72	72690
18.7	340.7	456	101	79	0.4	72787
20.9	350.3	356.8	101.6	78	0.37	72788
21.3	380.4	623	101.3	73	0.64	72789
21.7	362.6	685.1	101.4	68	0.74	72790
19.6	370.4	618.9	101	73	0.6	72887
21.6	348	545	101.5	76	0.55	72888
21.9	358.1	684.7	101.2	73	0.7	72889
21.5	370.4	675.5	101.3	69	0.71	72890
20.3	379	619.3	100.9	73	0.62	72987
21.3	348	537	101.4	78	0.52	72988
21.7	374.5	641.8	101.2	71	0.67	72989
21.4	428.7	640.6	101.3	71	0.68	72990
20.8	364	650.6	100.8	70	0.66	73087
21.1	305.7	307.3	101.6	79	0.31	73088
21.1	362.2	639.1	101.2	71	0.66	73089
22.7	456.5	649.6	101.3	70	0.74	73090
21.4	350.3	693.2	101	70	0.71	73187
21.5	327.1	348	101.5	74	0.39	73188
21.3	378.1	658.8	101.1	70	0.69	73189
22.1	463.3		101.3	72	0.74	73190
22.2	375.4	572.2	101	69	0.61	80187
21.6	367.6	380.2	101.3	78	0.42	80188
21	368.5	664.7	101.1	70	0.69	80189
20.5	374.5	681.9	101.2	68	0.73	80190
23	356.7	569.6	100.9	71	0.61	80287
21.5	442.3	516.7	101.3	72	0.59	80288
21.1	377.2	654.8	101.1	71	0.68	80289
20.8	390.4	628.8	101.4	65	0.72	80290
22.5	357.1	618.5	101	72	0.65	80387
21.9	477	602.9	101.5	70	0.71	80388
21.5	369	652.6	101.2	70	0.7	80389
21.2	431.4	437.5	101.5	71	0.53	80390
21.8	347.6	667.1	101	71	0.69	80487
21.5	378.1	501	101.4	75	0.53	80488
22.1	388.1	671.5	101.3	67	0.75	80489
21.2	478.8	509.9	101.4	75	0.56	80490
20.4	371.3	555.6	101	76	0.54	80587
21.1	400.4	462.9	101.2	77	0.48	80588
22.7	395.9	616.5	101.4	68	0.7	80589
21.7	369	586.7	101.3	75	0.6	80590
21.2	333.9	468.1	101	72	0.49	80687
21	405.4	631.6	101.3	69	0.69	80688
22.9	410	641.1	101.4	69	0.74	80689
22.7	362.2	589.8	101.3	73	0.63	80690
21.1	361.2	595.8	101.1	73	0.61	80787
20.9	373.1	678.6	101.3	65	0.75	80788
22.1	465.1	578.2	101.2	74	0.65	80789
23	371.7	490.6	101.3	75	0.53	80790
21.5	371.3	610.7	101.2	72	0.65	80887
20.8	373.5	594.7	101.3	68	0.64	80888
20.7	422.3	303.3	101.1	80	0.34	80889
22.6	397.2	452.3	101.3	76	0.5	80890
21.6	425.5	611.8	101.2	72	0.67	80987
20.2	352.1	561.7	101.2	73	0.55	80988
21.4	356.7	477	101.1	77	0.48	80989
22.4	421.4	522.5	101.3	73	0.59	80990
21.3	343.5	601.8	101.2	71	0.63	81087
20.5	395	650.6	101	68	0.7	81088
22.1	385.4	512.4	101.4	76	0.54	81089
22.2	425.9	434.6	101.3	78	0.47	81090
21.4	375.8	646.9	101.3	71	0.7	81187
20.6	380.8	653.1	101.1	64	0.74	81188
22.2	435	655.5	101.4	76	0.69	81189
22.6	423.7	541	101.2	76	0.58	81190
21.3	470.6	606.7	101.3	71	0.68	81287
20.7	384.5	658.9	101.3	61	0.77	81288
22.5	433.2	655.1	101.3	75	0.7	81289
22.5	399.5	590.8	101.3	77	0.62	81290
19.3	416.8	284.8	101.2	82	0.3	81387
20.7	445.1	669.6	101.3	67	0.74	81388
23	382.7	665	101.2	70	0.72	81389
20.9	439.6	297	101.3	79	0.35	81390
18.1	384.9	292.7	101.1	75	0.33	81487
20.7	402.7	666.8	101.2	73	0.67	81488
21.8	381.3	661	101.1	72	0.69	81489
20.6	338.5	303.7	101.3	81	0.3	81490
19.7	432.3	529.5	101.4	64	0.64	81587
20.1	348.9	647.1	101	73	0.61	81588
21.1	352.1	652.6	101	70	0.69	81589
21.2	381.7	433.1	101.3	72	0.49	81590
20.2	436	593.7	101.5	67	0.67	81687
20.1	333.9	608.2	101	71	0.59	81688
20.3	405.9	629.8	101	68	0.68	81689
22.2	429.1	562.7	101.4	67	0.67	81690
19.6	459.6	338.3	101.6	74	0.43	81787
19.8	344.4	551.1	101	73	0.53	81788
20.6	383.6	613.9	101	65	0.69	81789
21.5	336.6	494.2	101.2	72	0.53	81790
19.7	535.7	473.9	101.5	73	0.55	81887
18.7	327.1	435.2	101	80	0.37	81888
20.9	374	626.2	101.4	65	0.72	81889
20.2	376.3	301	101.3	77	0.35	81890
20	434.1	597.6	101.4	71	0.63	81987
19.1	371.7	365.6	100.9	80	0.34	81988
20.8	390.9	562.8	101.4	66	0.65	81989
20.6	407.7	541.4	101.3	68	0.62	81990
20.2	345.3	613.4	101.4	70	0.61	82087
19.2	361.7	319.7	100.7	78	0.33	82088
20.3	408.2	485.5	101.2	63	0.61	82089
20.7	426.4	648	101.3	65	0.76	82090
20.3	388.1	637.9	101.5	69	0.66	82187
20	414.5	525.5	100.9	71	0.56	82188
20.4	376.3	553.6	101.2	59	0.68	82189
21.1	400	639.3	101.6	67	0.7	82190
20.2	477	604.2	101.6	63	0.71	82287
20.6	470.6	563	101.2	71	0.62	82288
20.4	436.4	604.1	101.4	68	0.68	82289
21.3	371.7	639.3	101.4	70	0.67	82290
19.5	423.2	628.6	101.6	69	0.65	82387
21.2	381.3	380.3	101.2	74	0.42	82388
20.6	418.6	598	101.4	68	0.68	82389
20.8	370.4	606	101.1	67	0.67	82390
19.3	374	628.2	101.5	65	0.68	82487
23.1	331.6	538.6	101.3	67	0.61	82488
20.3	378.6	582.5	101.1	67	0.64	82489
20.8	426.8	376.7	101.4	69	0.51	82490
19.2	368.1	609	101.5	61	0.68	82587
23.7	306.6	572	101.2	69	0.62	82588
20.1	417.7	541.3	101.1	65	0.64	82589
21.1	369	576.5	101.5	65	0.68	82590
19.3	362.2	496.8	101.6	68	0.53	82687
23.7	310.7	579	100.9	69	0.62	82688
20	390.4	492.8	101.1	68	0.56	82689
21	453.7	628.5	101.6	61	0.77	82690
19.6	405	484.7	101.5	76	0.48	82787
21.9	345.8	611.3	100.9	75	0.61	82788
20.4	454.2	600.4	101.3	67	0.68	82789
21.5	479.2	644.3	101.5	64	0.8	82790
19.3	309.8	454.9	101.4	79	0.39	82887
21.8	405.4	561.8	100.9	76	0.58	82888
19.7	456.5	538	101.3	74	0.55	82889
22.9	405.4	639.9	101.4	64	0.78	82890
19.8	313	414.1	101.5	76	0.39	82987
21.9	472.4	577.4	100.8	78	0.59	82988
19.4	409.1	487.9	101.1	76	0.47	82989
22	310.7	608.8	101.4	73	0.6	82990
20.4	444.6	552.5	101.6	76	0.55	83087
21.8	380.4	614.3	100.6	78	0.6	83088
19.9	323.9	585.3	100.9	70	0.57	83089
21	375.4	567.8	101.2	76	0.55	83090
21.4	504.7	519.2	101.5	74	0.59	83187
21	400.4	515.9	100.6	80	0.48	83188
19.9	361.7	616.7	101	68	0.62	83189
21.6	383.6	537.5	101.2	74	0.56	83190
22.7	430	490.2	101.2	67	0.63	90187
21.2	395	585.5	100.8	77	0.58	90188
19.5	449.2	572	101.1	74	0.55	90189
21.1	361.2	550.5	101.2	71	0.58	90190
21.9	333	571.7	101.1	77	0.55	90287
21.8	355.8	547.5	100.9	75	0.54	90288
19.7	420.5	589.4	101.2	74	0.56	90289
21.2	366.3	559	101.2	73	0.58	90290
20.1	378.1	262.9	101.3	84	0.26	90387
25.7	356.7	566.6	100.7	58	0.78	90388
20	374.5	534	101.2	76	0.49	90389
21.6	363.1	554.8	101.1	74	0.57	90390
21.3	333.9	576.4	101.2	70	0.6	90487
28.9	408.6	597.5	100.7	45	1	90488
21.4	456.5	576.8	101.1	69	0.64	90489
22	347.6	562.7	101.3	74	0.56	90490
20.6	354.4	579.1	101.3	73	0.57	90587
28.2	358.1	597.8	100.6	44	0.96	90588
22	430	608.5	101	66	0.7	90589
23.6	319.3	589.1	101.4	71	0.62	90590
20	395.9	600.4	101.3	73	0.58	90687
24.3	379.5	607.7	100.7	66	0.71	90688
20.7	409.5	604.6	101	77	0.57	90689
24.3	409.5	604	101.4	67	0.73	90690
21	304.3	598.5	101.2	64	0.62	90787
21.1	405.9	445.4	101	79	0.43	90788
20.2	378.6	577.6	101	71	0.57	90789
24.4	383.1	591.5	101.2	58	0.77	90790
22.9	292.9	580.5	101.2	56	0.7	90887
20.4	382.7	543.1	101.1	72	0.57	90888
19.9	398.6	584.3	101.1	70	0.6	90889
24.1	307.5	591.1	101	65	0.67	90890
21.9	395.9	505.2	101.4	69	0.58	90987
21.3	373.5	514.2	101.1	70	0.55	90988
18.9	428.7	546.5	101.2	72	0.53	90989
24	346.7	585.4	100.9	68	0.65	90990
21	320.7	424.8	101.3	74	0.43	91087
20.2	392.2	360.3	101	77	0.39	91088
19.1	385.8	563.5	101.1	69	0.57	91089
23.8	463.3	581.9	101	69	0.73	91090
20	408.6	517	101	71	0.56	91187
20	355.3	532.3	101	68	0.57	91188
19.4	364	424.8	100.9	70	0.46	91189
23.7	458.3	578.2	101	62	0.79	91190
19.2	575.3	258	101.1	68	0.45	91287
20.2	342.6	485.1	101.3	61	0.58	91288
19.8	348.9	512.2	101	66	0.55	91289
21.1	316.1	534.7	101	80	0.47	91290
19.1	441.9	526.7	101.4	63	0.61	91387
20.2	451.9	562	101.3	69	0.63	91388
20.5	372.6	544.5	101.2	73	0.54	91389
20.3	335.3	503.9	101	78	0.44	91390
19.5	373.5	585.4	101.6	69	0.59	91487
20	458.3	502.3	101.3	73	0.53	91488
23.7	409.5	535.8	101.1	51	0.77	91489
20.8	324.8	417.1	101.3	81	0.38	91490
19.8	320.2	555	101.4	74	0.51	91587
19.7	331.6	477.3	101.2	73	0.46	91588
23.1	292.9	254.9	101.1	66	0.38	91589
21.6	288.8	463.3	101.2	74	0.44	91590
19.7	343.9	467	101.1	71	0.47	91687
19.7	309.8	463.7	101.2	69	0.47	91688
22.5	354	245.8	100.9	73	0.34	91689
20.2	336.2	490.5	101	72	0.5	91690
19.7	366.3	560.2	101.3	69	0.56	91787
18.8	317.1	302.7	101	74	0.32	91788
19.8	422.7	313.7	101.1	77	0.35	91789
19.9	387.7	470.6	101.2	68	0.53	91790
20	441.9	552.8	101.4	72	0.56	91887
19	313	447.1	101.1	69	0.44	91888
19.5	406.8	479.8	101.1	65	0.54	91889
20.5	374.9	448	101.4	62	0.56	91890
20.2	419.1	508.2	101.3	74	0.5	91987
18.7	298.4	239.6	101.1	78	0.25	91988
17.7	381.3	348.2	101.1	72	0.39	91989
20.3	451	408.9	101.1	65	0.56	91990
20	390.9	473	101.2	78	0.44	92087
18.6	462.8	295.2	101	69	0.43	92088
19.1	430	536.8	101.1	60	0.63	92089
21	423.2	425.5	100.9	58	0.62	92090
20.5	331.2	433.2	101.1	75	0.42	92187
19	342.1	497.7	101.5	57	0.59	92188
22.1	343.5	562	100.8	54	0.68	92189
21.7	349.9	501.2	101.3	62	0.6	92190
20.6	385.4	256	101.4	87	0.24	92287
18.5	297	537.9	101.6	65	0.53	92288
20	306.1	460.5	100.7	78	0.41	92289
21.5	378.6	535.2	101.6	66	0.61	92290
20.8	370.4	295	101.6	84	0.27	92387
19	277.4	504	101.4	72	0.46	92388
19.4	367.6	445.8	101.1	79	0.38	92389
21	405.4	453.8	101.6	70	0.51	92390
20.3	328.4	322.2	101.5	81	0.3	92487
19.4	360.8	348.3	101.5	70	0.39	92488
20.1	398.1	468	101	78	0.43	92489
20.9	444.2	507.8	101.5	67	0.58	92490
19.3	347.6	375.6	101.4	80	0.34	92587
19	432.8	507.2	101.7	69	0.54	92588
24	385.8	368.7	101	57	0.58	92589
20.9	421.8	500.3	101.5	71	0.54	92590
19.1	301.1	351	101.2	74	0.36	92687
19	297.9	463.3	101.8	70	0.45	92688
22.2	329.8	456.6	101.2	74	0.46	92689
21.2	338.5	455.8	101.4	71	0.47	92690
19.4	329.4	464.7	101.3	73	0.46	92787
18.7	360.8	515.6	101.6	74	0.46	92788
21.4	361.7	454.6	101.1	76	0.44	92789
20.4	388.6	252.6	101.3	68	0.38	92790
19.9	381.7	518.6	101.4	77	0.48	92887
18.9	300.7	524.5	101.3	80	0.39	92888
22.1	400	530	101.2	64	0.61	92889
21.2	408.6	506.9	101.4	76	0.51	92987
18.9	284.7	477	101.2	79	0.35	92988
20.1	331.6	298.1	101.2	75	0.32	92990
22	379	433	101.2	77	0.45	93087
18.3	248.3	495.4	101.3	81	0.36	93088
20	329.4	498.9	101.4	73	0.48	93089
20.9	376.3	464.4	101.1	73	0.5	93090
22.4	385.8	502.1	101	69	0.53	100187
18.5	310.7	437.9	101.5	76	0.37	100188
19.1	382.2	454.2	101.2	68	0.5	100189
20.7	377.6	304.4	101.4	75	0.36	100190
21.4	348.9	477.4	101.3	81	0.42	100287
18.7	351.2	343.1	101.4	81	0.29	100288
19.7	481.5	427	101.3	61	0.59	100289
20.6	310.2	240.1	101	71	0.33	100290
25.8	330.3	502.8	101.3	47	0.73	100387
18.8	348	406.5	101.2	84	0.31	100388
18.9	399.1	467	101.3	56	0.6	100389
21.6	339.8	493.6	101.2	66	0.55	100390
26.4	262.8	480.1	101.3	36	0.74	100487
18.6	287.9	299.3	101.4	84	0.23	100488
18.5	405.4	491.2	101	67	0.52	100489
22.2	369.4	510.7	101.5	68	0.55	100490
20.7	283.8	471.5	101.3	80	0.4	100587
18.4	321.6	399.9	101.5	77	0.35	100588
19.6	353	440.2	101.3	74	0.45	100589
20.7	444.2	456.5	101.4	78	0.44	100590
19.4	338.9	391.3	101.3	79	0.33	100687
18.6	375.8	342.1	101.6	72	0.38	100688
20.7	426.4	395	101.6	70	0.49	100689
20.4	376.7	413.2	101.3	70	0.48	100690
20.5	440.5	421.3	101.4	76	0.44	100787
19.6	377.2	484.1	101.8	69	0.51	100788
19.6	416.8	457.4	101.5	78	0.42	100789
19.8	341.2	319.3	101.3	65	0.41	100790
19.4	357.1	409.7	101.3	71	0.44	100887
21.7	377.6	491.7	101.8	59	0.64	100888
19	315.7	434	101.5	74	0.37	100889
21.1	350.3	471.5	101.5	56	0.64	100890
19.2	383.6	429.1	101.4	66	0.48	100987
22.4	225.9	481.5	101.1	50	0.6	100988
19.1	395.4	452.5	101.6	72	0.44	100989
23.7	323.9	509.2	101.6	13	1.03	100990
18.9	372.2	419.2	101.5	73	0.4	101087
20.4	244.6	491.4	101.1	70	0.47	101088
19.2	416.4	385.1	101.5	74	0.39	101089
22.8	225	487.8	101.1	19	0.82	101090
20.1	298.4	162.3	101.7	83	0.18	101187
18.8	299.3	370.2	101.4	85	0.27	101188
18.7	396.3	417.8	101.5	77	0.39	101189
19.4	296.1	472.3	101.3	58	0.55	101190
20	392.2	214.1	101.4	88	0.2	101287
18.9	308.4	431.4	101.6	76	0.38	101288
18.6	425.9	276.8	101.5	77	0.31	101289
19.2	354	463	101.3	71	0.42	101290
19.1	297	365.3	101.3	71	0.35	101387
18.1	329.4	326.6	101.8	72	0.34	101388
18.6	338.9	277	101.5	79	0.27	101389
18.9	324.3	404	101.2	73	0.37	101390
19.5	381.7	290.4	101.3	74	0.34	101487
18.5	283.3	319.5	101.6	68	0.34	101488
18.3	378.1	236.3	101.5	68	0.36	101489
19.4	363.5	388.7	101.2	70	0.42	101490
19.6	353	296.9	101.3	71	0.34	101587
18.7	324.8	462.9	101.4	74	0.41	101588
18.6	336.2	342.1	101.2	67	0.39	101589
19.6	308.9	306.4	101.2	74	0.33	101590
19.2	360.3	313.3	101.6	74	0.33	101687
18.7	343.9	420.7	101.3	83	0.31	101688
18.6	383.1	373	101.1	70	0.4	101689
20.1	380.4	337.8	101.1	70	0.41	101690
19.4	409.1	342.6	101.7	75	0.38	101787
19.6	352.1	438.3	101.3	77	0.38	101788
17.6	343.9	397.2	101.3	83	0.3	101789
20.2	345.3	383.9	101.5	68	0.44	101790
18.2	345.3	163.6	101.7	90	0.18	101887
19.8	335.3	224.6	101.6	74	0.29	101888
19.4	369	437.2	101.4	63	0.43	101889
19.8	327.1	265.6	101.4	77	0.3	101890
19.6	437.3	388.5	101.4	67	0.46	101987
19.8	402.7	264.7	101.4	81	0.29	101988
16.7	405.4	184.4	101.5	89	0.14	101989
19.6	435	288	101.1	69	0.38	101990
18.7	324.8	325.6	101.5	71	0.34	102087
18.7	327.5	158.2	101.1	87	0.17	102088
19.8	418.6	354.3	101.7	60	0.51	102089
20.1	404.1	437.1	101.3	63	0.54	102090
19.7	239.6	302	101.5	70	0.3	102187
18.7	394	247.1	101.4	85	0.22	102188
18.4	305.7	209.3	101.7	77	0.23	102189
20.4	326.2	449.1	101.5	19	0.81	102190
19.8	446.9	184.7	101.3	87	0.21	102287
18	300.2	195.2	101.3	86	0.15	102288
20.2	327.1	263.3	101.9	75	0.28	102289
20.7	227.3	433.7	101.2	23	0.7	102290
19.3	385.4	340.7	101.4	82	0.29	102387
17.2	285.6	264.8	101.4	84	0.19	102388
19.5	361.2	348.2	102	73	0.34	102389
20.6	253.7	441.3	101.2	35	0.69	102390
19.6	270.6	235.7	101.7	77	0.25	102487
17.9	311.6	261.7	101.2	81	0.23	102488
19.1	489.3	362.9	101.7	70	0.43	102489
20.7	308.4	418.4	101.4	39	0.62	102490
20.6	328.4	246.4	101.9	64	0.36	102587
18.5	414.5	380.1	101.3	74	0.39	102588
17.3	537.1	356.5	101.6	65	0.45	102589
19.9	306.1	403.1	101.5	54	0.5	102590
22.3	246.9	310.3	101.5	53	0.44	102687
17.8	384	334.6	101.3	70	0.38	102688
16.6	364.4	427.3	101.8	56	0.48	102689
18.4	324.8	406.1	101.3	64	0.42	102690
21.8	332.5	275.2	101.4	67	0.41	102787
17.7	324.3	349.7	101.1	66	0.39	102788
16.7	269.7	400.6	101.7	54	0.4	102789
17.4	343	416.6	101.4	71	0.33	102790
20.6	366.3	269.8	101.6	73	0.3	102887
17.6	343.9	359.3	101.5	62	0.43	102888
16.2	272	377.5	101.5	56	0.37	102889
17.4	329.8	358	101.4	79	0.25	102890
19.2	378.6	325.2	101.6	78	0.32	102987
17.4	359.4	281.7	101.7	64	0.35	102988
17.7	304.3	398.7	101.7	34	0.59	102989
18.3	268.8	400.9	101.4	66	0.33	102990
18.3	252.4	305.5	101.4	72	0.28	103087
17.1	321.2	405	101.5	71	0.35	103088
18.2	331.2	284.9	101.6	21	0.68	103089
18	256.5	286.2	101.6	81	0.21	103090
18.3	401.3	108.1	100.6	91	0.13	103187
17.7	274.2	343.3	101.4	79	0.26	103188
18.5	351.7	358.9	101.4	41	0.6	103189
18.5	283.3	340.2	101.6	72	0.32	103190
18.7	524.8	273.8	101.2	79	0.3	110187
17.6	381.3	161	101.7	83	0.18	110188
17.1	342.6	355	101.7	37	0.58	110189
17.3	461.5	197.3	101.6	66	0.36	110287
17.2	343.9	283.4	101.6	72	0.29	110288
18.2	317.1	411.2	101.6	19	0.73	110289
16.3	344.4	391.1	101.4	60	0.43	110387
17.7	319.8	291.3	101.5	71	0.3	110388
17.1	301.1	407.6	101.3	25	0.65	110389
16.3	265.1	399.1	101.8	24	0.57	110390
16.2	343	230.3	101.2	70	0.25	110487
17.8	220.9	384.9	101.3	74	0.29	110488
16.6	329.4	395.4	101.3	55	0.46	110489
16.8	286.1	368.9	102	37	0.5	110490
15.8	392.7	214.7	101.4	76	0.22	110587
16.7	194.5	251	101.3	88	0.14	110588
16.7	333.9	342.2	101.5	71	0.33	110589
16.6	302.9	389.9	101.2	56	0.44	110590
16.7	326.6	309.9	101.9	74	0.28	110687
16.4	305.2	262.1	101.3	82	0.2	110688
17.5	371.7	310.1	101.6	61	0.4	110689
17.5	370.4	336.3	101	59	0.48	110690
16.2	295.2	321	101.9	73	0.27	110787
16.3	369.4	153.9	101.5	82	0.19	110788
17.2	347.1	335.9	101.4	65	0.38	110789
16.9	507.5	386.2	101.6	21	0.83	110790
16.8	371.3	363.7	101.9	80	0.28	110887
17.2	291.1	296.9	101.6	68	0.28	110888
16.4	306.1	341.8	101.4	69	0.29	110889
16.9	252.4	381.1	102	32	0.51	110890
18	329.8	342	101.8	75	0.3	110987
16.6	227.3	338.3	101.8	71	0.27	110988
17.5	304.8	374.5	101.5	36	0.52	110989
19.5	289.3	362.8	101.7	38	0.58	110990
19.5	227.8	360.3	101.8	44	0.47	111087
16.1	335.3	250.6	101.7	73	0.25	111088
18.8	307	375.8	101.1	26	0.59	111089
21.2	233.2	337.5	101.5	28	0.57	111090
19.6	225.5	375.8	101.9	35	0.54	111187
16.1	308.4	211.8	101.6	78	0.2	111188
17.5	277.4	350.4	101.2	73	0.29	111189
20.6	194.1	321	101.7	30	0.54	111190
18.3	216.4	362.8	101.7	51	0.39	111287
16.2	227.3	350.3	101.6	75	0.26	111288
17.2	330.3	352.3	101.3	73	0.32	111289
20.6	282.4	305	101.7	35	0.53	111290
17	306.1	233.4	101.4	76	0.24	111387
16.6	291.5	301.1	101.6	76	0.27	111388
16.6	300.7	335.1	101.6	68	0.34	111389
19.2	265.6	356.7	101.4	42	0.45	111390
17	449.2	314.4	101.3	69	0.36	111487
15.1	551.2	218.4	101.6	75	0.3	111488
16.7	349.9	313.2	101.5	65	0.35	111489
17.1	326.6	298.5	101.4	70	0.28	111490
15.6	311.1	360.3	101.7	62	0.36	111587
13.7	277	327.7	102.1	65	0.29	111588
17.4	293.4	323.8	101.6	59	0.38	111589
16.8	310.7	338.1	101.7	66	0.29	111590
15.3	277.9	305	101.7	65	0.29	111687
14.2	266.9	350.5	101.9	57	0.31	111688
18.7	272.4	334.1	101.2	22	0.64	111689
16.9	283.8	232.9	101.8	79	0.19	111690
16.3	259.2	240.7	101.6	62	0.27	111787
14.1	330.3	261.1	101.5	64	0.3	111788
15.9	318.9	324.2	100.9	74	0.3	111789
17.4	292.9	322.7	101.8	75	0.27	111790
18.1	346.7	350.7	101.9	58	0.39	111887
14	430.5	336.7	101.7	44	0.5	111888
19.3	314.8	350.6	101.3	42	0.56	111889
17.4	320.2	313.8	101.4	70	0.32	111890
19	281.1	334.9	102.1	33	0.59	111987
12.8	182.7	240.8	102.2	36	0.32	111988
21	362.2	341.2	101.3	23	0.76	111989
16.5	462.8	152.8	101.1	72	0.26	111990
17.4	256.5	330.3	101.8	30	0.49	112087
12.3	280.6	350.9	101.9	42	0.37	112088
21.3	311.6	211.5	101.5	35	0.56	112089
15.5	448.3	214.9	101.3	75	0.3	112090
16.3	325.7	296.7	101.5	67	0.32	112187
14	292	351.6	101.9	35	0.48	112188
17.7	280.2	324.2	101.7	63	0.34	112189
14.7	342.1	302.4	101.8	60	0.34	112190
15.3	267.4	330.1	101.3	70	0.27	112287
14.6	224.1	317.6	101.8	38	0.39	112288
15.9	350.8	287.9	101.6	77	0.24	112289
15.7	252.4	335.2	101.9	51	0.38	112290
15.7	277.4	323.3	101.4	72	0.27	112387
14.4	274.7	257.6	101.7	79	0.17	112388
16.3	313.4	264.2	101.5	74	0.26	112389
17.5	272.9	320.6	101.5	31	0.51	112390
15.6	260.6	338.1	101.8	59	0.31	112487
13.5	283.8	168.2	101.4	73	0.19	112488
16	366.3	150.9	101.3	69	0.28	112489
17.3	228.2	273.8	101.5	57	0.32	112490
15.2	322.1	245.8	101.3	65	0.3	112587
13.2	469.7	112.2	101.2	94	0.11	112588
16.9	424.6	169.2	101.4	75	0.32	112589
15.9	264.2	303.4	101.5	66	0.29	112590
14.2	255.6	320.6	101.7	36	0.41	112687
14.5	295.6	240.6	101.4	79	0.18	112688
15.8	348	134.7	101.7	83	0.21	112689
14.5	660.5	276.6	101.2	52	0.53	112690
13.7	249.6	337.5	101.5	38	0.41	112787
14	208.6	329.3	102.1	64	0.26	112788
16.9	359.4	292.7	101.7	31	0.56	112789
13.4	315.2	325.5	101.8	46	0.4	112790
14	291.1	283.9	101.1	57	0.34	112887
14	216.4	297.6	101.7	51	0.29	112888
14.7	282.4	320.4	101.9	20	0.56	112889
14.9	298.8	334.7	102.1	35	0.51	112890
15.1	364	290.8	101.6	63	0.35	112987
15.8	195.4	332.3	102.1	41	0.39	112988
14.1	328.4	318.5	101.9	27	0.55	112989
15.1	272.4	313.2	102	30	0.52	112990
13.4	292.5	240.8	101.9	65	0.23	113087
16.2	184	332.2	102	29	0.46	113088
14.3	277.4	320.2	102.1	25	0.52	113089
14.3	174.9	228.5	101.7	48	0.27	113090
14.2	288.8	298.7	101.8	68	0.26	120187
16.8	223.2	300.3	101.9	27	0.5	120188
14.1	266	328.1	102.1	30	0.48	120189
13.9	246.9	309.3	101.7	48	0.32	120190
15	340.3	300	101.8	72	0.25	120287
15.1	217.7	295.5	101.9	28	0.41	120288
20.4	445.5	324	102.1	10	0.94	120289
15.2	237.8	323.5	101.9	38	0.43	120290
14.7	263.8	264.5	101.8	76	0.18	120387
14.4	213.6	201.4	102.1	36	0.35	120388
16.4	270.6	307.3	102.1	23	0.58	120389
16.1	244.2	302.5	102.1	26	0.51	120390
15.5	539.8	127	101.7	83	0.19	120487
15	220	286.1	102.2	31	0.41	120488
15.3	287	319.9	101.8	23	0.56	120489
15.3	258.3	317.2	102.1	30	0.5	120490
15.3	238.7	184.4	101.8	73	0.17	120587
14.6	262.8	299.5	102	44	0.4	120588
14.5	300.7	316.2	101.4	44	0.38	120589
15.5	242.3	222.9	101.8	32	0.4	120590
14.6	256.5	271	102.1	72	0.23	120687
16	220.9	267.6	101.8	35	0.42	120688
14.7	324.8	318	101.3	36	0.44	120689
15.8	251.5	311.4	101.9	40	0.46	120690
15.6	392.2	249.7	102	75	0.27	120787
16.6	359.9	286.9	100.9	60	0.5	120788
17.2	227.3	316.9	101.7	24	0.53	120789
16.4	277.4	269.1	101.8	21	0.56	120790
14	270.6	268.2	102	69	0.23	120887
20.1	620	308.9	101.3	19	1.09	120888
17	230.5	275.7	101.8	19	0.52	120889
15.9	240.1	246.6	101.7	24	0.46	120890
15.1	348	269.3	102	69	0.27	120987
19.1	373.5	296.9	101.3	26	0.7	120988
15	286.5	304.7	101.6	42	0.4	120989
15.2	184	307.3	101.8	31	0.4	120990
16	200	284.2	101.8	61	0.25	121087
14.3	166.7	309.8	101.7	54	0.3	121088
13.1	237.3	221.2	101.6	71	0.2	121089
14.9	190	300.3	101.7	28	0.41	121090
14.5	251	290.3	101.3	76	0.19	121187
14.9	241.9	308.2	102.1	33	0.43	121188
14.1	315.2	298.8	102	37	0.48	121189
15.7	220.9	205.6	101.5	50	0.3	121190
14.2	430	200.1	100.8	79	0.23	121287
13.9	152.2	300.8	102	49	0.27	121288
12.1	257.4	299.4	102	23	0.46	121289
15.5	303.4	180.8	101.5	70	0.25	121290
10.2	711.6	309.1	101.1	16	0.78	121387
13.4	230	303.1	101.6	62	0.24	121388
12.7	265.6	172.1	101.6	31	0.38	121389
14.6	282.4	191.4	101.7	57	0.3	121390
8.1	213.6	197.2	102.2	26	0.33	121487
13.2	364	185.7	101.6	76	0.2	121488
14.1	216.8	276.6	101.8	36	0.37	121489
13.3	242.8	221.7	101.6	64	0.23	121490
9.3	243.7	127.4	101.8	30	0.33	121587
14.4	650.5	100.4	101.4	84	0.19	121588
14.1	264.7	172.9	101.6	52	0.31	121589
13.1	253.3	216.3	101.3	61	0.25	121590
11.1	605.9	78.4	100.6	59	0.4	121687
13.3	372.6	93.9	102	95	0.07	121688
13.5	257.4	168.3	101.2	71	0.21	121689
13.2	461	226.1	101.4	52	0.4	121690
12.9	225.5	275.3	102.2	72	0.19	121788
12.6	282.4	302.9	101.1	53	0.31	121789
12.4	248.3	285	102.1	59	0.28	121790
12.3	277.9	302.4	101.1	60	0.27	121887
11.9	318.9	169.9	101.9	76	0.19	121888
13	224.1	139.8	101.3	60	0.23	121889
12.7	346.7	304	101.8	56	0.35	121890
12.1	406.3	105.6	101.3	83	0.15	121987
12.9	281.1	216.4	101.8	72	0.21	121988
15.1	302.9	296.6	101.8	49	0.39	121989
13.9	705.6	195.5	101	71	0.37	121990
12.2	282.4	293.2	102.1	64	0.24	122087
13.3	284.7	245.2	102	68	0.22	122088
13.4	326.2	301	102.1	59	0.32	122089
11	800.8	162.4	101.2	66	0.43	122090
12.1	285.2	286.2	102.1	57	0.27	122187
13	432.8	272.1	101.9	68	0.3	122188
12.7	267.9	273.9	102.1	67	0.23	122189
9.4	520.7	133.8	101.4	63	0.33	122190
12.8	387.2	275.1	101.6	69	0.27	122287
11.5	291.5	273	102.4	66	0.24	122288
7.8	336.2	290.5	101.8	51	0.34	122290
12.1	582.2	307.1	101.5	44	0.57	122387
12.2	238.7	249.7	102.2	71	0.19	122388
16.5	261	253.1	102.1	27	0.5	122389
8.2	296.1	231.6	102.4	29	0.4	122390
7.7	378.1	291.7	101.4	37	0.4	122487
11.8	447.8	175.4	101.8	74	0.19	122488
15.9	227.8	211	101.9	34	0.38	122489
10.7	258.7	308.2	101.9	30	0.42	122490
7.2	302.9	315.2	101.7	24	0.41	122587
11.2	616.8	212.7	101.4	58	0.37	122588
15.3	224.1	198.5	101.9	46	0.29	122589
10.1	211.4	235.4	101.8	39	0.32	122590
8.6	267.9	281.7	102.5	38	0.35	122687
9.3	277	275.8	102	60	0.26	122688
16.1	136.7	133.3	101.8	58	0.19	122689
11.5	227.3	306.5	101.7	34	0.37	122690
8.9	251.9	231.5	102.4	50	0.24	122787
9.1	221.4	295.8	102.5	47	0.27	122788
16.2	253.3	204.8	101.8	77	0.24	122789
12	213.2	215.7	101.4	34	0.35	122790
9.8	197.7	168.6	102.1	49	0.22	122887
9.4	236.9	247.8	102	66	0.2	122888
14	331.2	161.2	101.4	67	0.23	122889
12.6	305.2	277.9	101	55	0.35	122890
10.1	317.5	175.2	102	66	0.22	122987
9.1	217.3	308.3	102.3	47	0.28	122988
13.3	232.3	223.7	101.1	65	0.25	122989
12.2	328.4	147.9	101.5	70	0.2	122990
10.4	327.5	228.4	102.3	60	0.26	123087
13	163.1	305.1	101.6	53	0.28	123089
11.6	236.4	307.1	102.3	41	0.33	123090
10.7	248.7	244.3	102.2	47	0.28	123187
10.7	228.9	184.8	101.6	60	0.22	123188
13.5	171.1	302.3	102.1	43	0.33	123189
11.2	204.1	290.8	102.1	40	0.32	123190
